Goal State reached at node 66 !!!
Required Solution trajectory:	 1 -> 2 -> 5 -> 12 -> 29 -> 66

Time taken to solve:	8.490 ms

1) Node State: 1
	String Representation: 	1 5 9 13 0 2 6 14 3 7 10 15 4 8 11 12 
	Array Representation:  
[[ 1  0  3  4]
 [ 5  2  7  8]
 [ 9  6 10 11]
 [13 14 15 12]]

2) Node State: 2
	String Representation: 	1 5 9 13 2 0 6 14 3 7 10 15 4 8 11 12 
	Array Representation:  
[[ 1  2  3  4]
 [ 5  0  7  8]
 [ 9  6 10 11]
 [13 14 15 12]]

3) Node State: 5
	String Representation: 	1 5 9 13 2 6 0 14 3 7 10 15 4 8 11 12 
	Array Representation:  
[[ 1  2  3  4]
 [ 5  6  7  8]
 [ 9  0 10 11]
 [13 14 15 12]]

4) Node State: 12
	String Representation: 	1 5 9 13 2 6 10 14 3 7 0 15 4 8 11 12 
	Array Representation:  
[[ 1  2  3  4]
 [ 5  6  7  8]
 [ 9 10  0 11]
 [13 14 15 12]]

5) Node State: 29
	String Representation: 	1 5 9 13 2 6 10 14 3 7 11 15 4 8 0 12 
	Array Representation:  
[[ 1  2  3  4]
 [ 5  6  7  8]
 [ 9 10 11  0]
 [13 14 15 12]]

6) Node State: 66
	String Representation: 	1 5 9 13 2 6 10 14 3 7 11 15 4 8 12 0 
	Array Representation:  
[[ 1  2  3  4]
 [ 5  6  7  8]
 [ 9 10 11 12]
 [13 14 15  0]]


	 ---------- All the nodes generated while doing BFS (string representation in column major order)  ----------

 Node State 1 : 	 1 5 9 13 0 2 6 14 3 7 10 15 4 8 11 12 
 Node State 2 : 	 1 5 9 13 2 0 6 14 3 7 10 15 4 8 11 12 
 Node State 3 : 	 1 5 9 13 3 2 6 14 0 7 10 15 4 8 11 12 
 Node State 4 : 	 0 5 9 13 1 2 6 14 3 7 10 15 4 8 11 12 
 Node State 5 : 	 1 5 9 13 2 6 0 14 3 7 10 15 4 8 11 12 
 Node State 6 : 	 1 5 9 13 2 7 6 14 3 0 10 15 4 8 11 12 
 Node State 7 : 	 1 0 9 13 2 5 6 14 3 7 10 15 4 8 11 12 
 Node State 8 : 	 1 5 9 13 3 2 6 14 7 0 10 15 4 8 11 12 
 Node State 9 : 	 1 5 9 13 3 2 6 14 4 7 10 15 0 8 11 12 
 Node State 10 : 	 5 0 9 13 1 2 6 14 3 7 10 15 4 8 11 12 
 Node State 11 : 	 1 5 9 13 2 6 14 0 3 7 10 15 4 8 11 12 
 Node State 12 : 	 1 5 9 13 2 6 10 14 3 7 0 15 4 8 11 12 
 Node State 13 : 	 1 5 0 13 2 6 9 14 3 7 10 15 4 8 11 12 
 Node State 14 : 	 1 5 9 13 2 7 6 14 0 3 10 15 4 8 11 12 
 Node State 15 : 	 1 5 9 13 2 7 6 14 3 10 0 15 4 8 11 12 
 Node State 16 : 	 1 5 9 13 2 7 6 14 3 8 10 15 4 0 11 12 
 Node State 17 : 	 0 1 9 13 2 5 6 14 3 7 10 15 4 8 11 12 
 Node State 18 : 	 1 9 0 13 2 5 6 14 3 7 10 15 4 8 11 12 
 Node State 19 : 	 1 5 9 13 3 2 6 14 7 10 0 15 4 8 11 12 
 Node State 20 : 	 1 5 9 13 3 2 6 14 7 8 10 15 4 0 11 12 
 Node State 21 : 	 1 5 9 13 3 0 6 14 7 2 10 15 4 8 11 12 
 Node State 22 : 	 1 5 9 13 3 2 6 14 4 7 10 15 8 0 11 12 
 Node State 23 : 	 5 9 0 13 1 2 6 14 3 7 10 15 4 8 11 12 
 Node State 24 : 	 5 2 9 13 1 0 6 14 3 7 10 15 4 8 11 12 
 Node State 25 : 	 1 5 9 13 2 6 14 15 3 7 10 0 4 8 11 12 
 Node State 26 : 	 1 5 9 0 2 6 14 13 3 7 10 15 4 8 11 12 
 Node State 27 : 	 1 5 9 13 2 6 10 14 3 0 7 15 4 8 11 12 
 Node State 28 : 	 1 5 9 13 2 6 10 14 3 7 15 0 4 8 11 12 
 Node State 29 : 	 1 5 9 13 2 6 10 14 3 7 11 15 4 8 0 12 
 Node State 30 : 	 1 0 5 13 2 6 9 14 3 7 10 15 4 8 11 12 
 Node State 31 : 	 1 5 13 0 2 6 9 14 3 7 10 15 4 8 11 12 
 Node State 32 : 	 1 5 9 13 2 7 6 14 4 3 10 15 0 8 11 12 
 Node State 33 : 	 1 5 9 13 0 7 6 14 2 3 10 15 4 8 11 12 
 Node State 34 : 	 1 5 9 13 2 7 6 14 3 10 15 0 4 8 11 12 
 Node State 35 : 	 1 5 9 13 2 7 6 14 3 10 11 15 4 8 0 12 
 Node State 36 : 	 1 5 9 13 2 7 0 14 3 10 6 15 4 8 11 12 
 Node State 37 : 	 1 5 9 13 2 7 6 14 3 8 10 15 0 4 11 12 
 Node State 38 : 	 1 5 9 13 2 7 6 14 3 8 10 15 4 11 0 12 
 Node State 39 : 	 2 1 9 13 0 5 6 14 3 7 10 15 4 8 11 12 
 Node State 40 : 	 1 9 13 0 2 5 6 14 3 7 10 15 4 8 11 12 
 Node State 41 : 	 1 9 6 13 2 5 0 14 3 7 10 15 4 8 11 12 
 Node State 42 : 	 1 5 9 13 3 2 6 14 7 10 15 0 4 8 11 12 
 Node State 43 : 	 1 5 9 13 3 2 6 14 7 10 11 15 4 8 0 12 
 Node State 44 : 	 1 5 9 13 3 2 0 14 7 10 6 15 4 8 11 12 
 Node State 45 : 	 1 5 9 13 3 2 6 14 7 8 10 15 0 4 11 12 
 Node State 46 : 	 1 5 9 13 3 2 6 14 7 8 10 15 4 11 0 12 
 Node State 47 : 	 1 5 9 13 0 3 6 14 7 2 10 15 4 8 11 12 
 Node State 48 : 	 1 5 9 13 3 6 0 14 7 2 10 15 4 8 11 12 
 Node State 49 : 	 1 0 9 13 3 5 6 14 7 2 10 15 4 8 11 12 
 Node State 50 : 	 1 5 9 13 3 2 6 14 4 7 10 15 8 11 0 12 
 Node State 51 : 	 1 5 9 13 3 2 6 14 4 0 10 15 8 7 11 12 
 Node State 52 : 	 5 9 13 0 1 2 6 14 3 7 10 15 4 8 11 12 
 Node State 53 : 	 5 9 6 13 1 2 0 14 3 7 10 15 4 8 11 12 
 Node State 54 : 	 5 2 9 13 0 1 6 14 3 7 10 15 4 8 11 12 
 Node State 55 : 	 5 2 9 13 1 6 0 14 3 7 10 15 4 8 11 12 
 Node State 56 : 	 5 2 9 13 1 7 6 14 3 0 10 15 4 8 11 12 
 Node State 57 : 	 1 5 9 13 2 6 14 15 3 7 0 10 4 8 11 12 
 Node State 58 : 	 1 5 9 13 2 6 14 15 3 7 10 12 4 8 11 0 
 Node State 59 : 	 1 5 0 9 2 6 14 13 3 7 10 15 4 8 11 12 
 Node State 60 : 	 1 5 9 13 2 6 10 14 0 3 7 15 4 8 11 12 
 Node State 61 : 	 1 5 9 13 2 6 10 14 3 8 7 15 4 0 11 12 
 Node State 62 : 	 1 5 9 13 2 0 10 14 3 6 7 15 4 8 11 12 
 Node State 63 : 	 1 5 9 13 2 6 10 14 3 7 15 12 4 8 11 0 
 Node State 64 : 	 1 5 9 13 2 6 10 0 3 7 15 14 4 8 11 12 
 Node State 65 : 	 1 5 9 13 2 6 10 14 3 7 11 15 4 0 8 12 
 Node State 66 : 	 1 5 9 13 2 6 10 14 3 7 11 15 4 8 12 0 
 Node State 67 : 	 0 1 5 13 2 6 9 14 3 7 10 15 4 8 11 12 
 Node State 68 : 	 1 6 5 13 2 0 9 14 3 7 10 15 4 8 11 12 
 Node State 69 : 	 1 5 13 14 2 6 9 0 3 7 10 15 4 8 11 12 
 Node State 70 : 	 1 5 9 13 2 7 6 14 4 3 10 15 8 0 11 12 
 Node State 71 : 	 1 5 9 13 7 0 6 14 2 3 10 15 4 8 11 12 
 Node State 72 : 	 0 5 9 13 1 7 6 14 2 3 10 15 4 8 11 12 
 Node State 73 : 	 1 5 9 13 2 7 6 14 3 10 15 12 4 8 11 0 
 Node State 74 : 	 1 5 9 13 2 7 6 0 3 10 15 14 4 8 11 12 
 Node State 75 : 	 1 5 9 13 2 7 6 14 3 10 11 15 4 0 8 12 
 Node State 76 : 	 1 5 9 13 2 7 6 14 3 10 11 15 4 8 12 0 
 Node State 77 : 	 1 5 9 13 2 0 7 14 3 10 6 15 4 8 11 12 
 Node State 78 : 	 1 5 9 13 2 7 14 0 3 10 6 15 4 8 11 12 
 Node State 79 : 	 1 5 0 13 2 7 9 14 3 10 6 15 4 8 11 12 
 Node State 80 : 	 1 5 9 13 2 7 6 14 0 8 10 15 3 4 11 12 
 Node State 81 : 	 1 5 9 13 2 7 6 14 3 8 10 15 4 11 12 0 
 Node State 82 : 	 1 5 9 13 2 7 6 14 3 8 0 15 4 11 10 12 
 Node State 83 : 	 2 1 9 13 5 0 6 14 3 7 10 15 4 8 11 12 
 Node State 84 : 	 2 1 9 13 3 5 6 14 0 7 10 15 4 8 11 12 
 Node State 85 : 	 1 9 13 14 2 5 6 0 3 7 10 15 4 8 11 12 
 Node State 86 : 	 1 9 6 13 2 0 5 14 3 7 10 15 4 8 11 12 
 Node State 87 : 	 1 9 6 13 2 5 14 0 3 7 10 15 4 8 11 12 
 Node State 88 : 	 1 9 6 13 2 5 10 14 3 7 0 15 4 8 11 12 
 Node State 89 : 	 1 5 9 13 3 2 6 14 7 10 15 12 4 8 11 0 
 Node State 90 : 	 1 5 9 13 3 2 6 0 7 10 15 14 4 8 11 12 
 Node State 91 : 	 1 5 9 13 3 2 6 14 7 10 11 15 4 0 8 12 
 Node State 92 : 	 1 5 9 13 3 2 6 14 7 10 11 15 4 8 12 0 
 Node State 93 : 	 1 5 9 13 3 0 2 14 7 10 6 15 4 8 11 12 
 Node State 94 : 	 1 5 9 13 3 2 14 0 7 10 6 15 4 8 11 12 
 Node State 95 : 	 1 5 0 13 3 2 9 14 7 10 6 15 4 8 11 12 
 Node State 96 : 	 1 5 9 13 3 2 6 14 0 8 10 15 7 4 11 12 
 Node State 97 : 	 1 5 9 13 3 2 6 14 7 8 10 15 4 11 12 0 
 Node State 98 : 	 1 5 9 13 3 2 6 14 7 8 0 15 4 11 10 12 
 Node State 99 : 	 1 5 9 13 7 3 6 14 0 2 10 15 4 8 11 12 
 Node State 100 : 	 0 5 9 13 1 3 6 14 7 2 10 15 4 8 11 12 
 Node State 101 : 	 1 5 9 13 3 6 14 0 7 2 10 15 4 8 11 12 
 Node State 102 : 	 1 5 9 13 3 6 10 14 7 2 0 15 4 8 11 12 
 Node State 103 : 	 1 5 0 13 3 6 9 14 7 2 10 15 4 8 11 12 
 Node State 104 : 	 0 1 9 13 3 5 6 14 7 2 10 15 4 8 11 12 
 Node State 105 : 	 1 9 0 13 3 5 6 14 7 2 10 15 4 8 11 12 
 Node State 106 : 	 1 5 9 13 3 2 6 14 4 7 10 15 8 11 12 0 
 Node State 107 : 	 1 5 9 13 3 2 6 14 4 7 0 15 8 11 10 12 
 Node State 108 : 	 1 5 9 13 3 2 6 14 0 4 10 15 8 7 11 12 
 Node State 109 : 	 1 5 9 13 3 2 6 14 4 10 0 15 8 7 11 12 
 Node State 110 : 	 1 5 9 13 3 0 6 14 4 2 10 15 8 7 11 12 
 Node State 111 : 	 5 9 13 14 1 2 6 0 3 7 10 15 4 8 11 12 
 Node State 112 : 	 5 9 6 13 1 0 2 14 3 7 10 15 4 8 11 12 
 Node State 113 : 	 5 9 6 13 1 2 14 0 3 7 10 15 4 8 11 12 
 Node State 114 : 	 5 9 6 13 1 2 10 14 3 7 0 15 4 8 11 12 
 Node State 115 : 	 5 2 9 13 3 1 6 14 0 7 10 15 4 8 11 12 
 Node State 116 : 	 0 2 9 13 5 1 6 14 3 7 10 15 4 8 11 12 
 Node State 117 : 	 5 2 9 13 1 6 14 0 3 7 10 15 4 8 11 12 
 Node State 118 : 	 5 2 9 13 1 6 10 14 3 7 0 15 4 8 11 12 
 Node State 119 : 	 5 2 0 13 1 6 9 14 3 7 10 15 4 8 11 12 
 Node State 120 : 	 5 2 9 13 1 7 6 14 0 3 10 15 4 8 11 12 
 Node State 121 : 	 5 2 9 13 1 7 6 14 3 10 0 15 4 8 11 12 
 Node State 122 : 	 5 2 9 13 1 7 6 14 3 8 10 15 4 0 11 12 
 Node State 123 : 	 1 5 9 13 2 6 14 15 3 0 7 10 4 8 11 12 
 Node State 124 : 	 1 5 9 13 2 6 14 15 3 7 11 10 4 8 0 12 
 Node State 125 : 	 1 5 9 13 2 6 0 15 3 7 14 10 4 8 11 12 
 Node State 126 : 	 1 5 9 13 2 6 14 15 3 7 10 12 4 8 0 11 
 Node State 127 : 	 1 0 5 9 2 6 14 13 3 7 10 15 4 8 11 12 
 Node State 128 : 	 1 5 14 9 2 6 0 13 3 7 10 15 4 8 11 12 
 Node State 129 : 	 1 5 9 13 2 6 10 14 4 3 7 15 0 8 11 12 
 Node State 130 : 	 1 5 9 13 0 6 10 14 2 3 7 15 4 8 11 12 
 Node State 131 : 	 1 5 9 13 2 6 10 14 3 8 7 15 0 4 11 12 
 Node State 132 : 	 1 5 9 13 2 6 10 14 3 8 7 15 4 11 0 12 
 Node State 133 : 	 1 5 9 13 0 2 10 14 3 6 7 15 4 8 11 12 
 Node State 134 : 	 1 5 9 13 2 10 0 14 3 6 7 15 4 8 11 12 
 Node State 135 : 	 1 0 9 13 2 5 10 14 3 6 7 15 4 8 11 12 
 Node State 136 : 	 1 5 9 13 2 6 10 14 3 7 15 12 4 8 0 11 
 Node State 137 : 	 1 5 9 13 2 6 0 10 3 7 15 14 4 8 11 12 
 Node State 138 : 	 1 5 9 0 2 6 10 13 3 7 15 14 4 8 11 12 
 Node State 139 : 	 1 5 9 13 2 6 10 14 3 7 11 15 0 4 8 12 
 Node State 140 : 	 1 5 9 13 2 6 10 14 3 0 11 15 4 7 8 12 