Goal State reached at node 125 !!!
Required Solution trajectory:	 1 -> 2 -> 5 -> 11 -> 24 -> 55 -> 125

Time taken to solve:	14.596 ms

1) Node State: 1
	String Representation: 	0 1 9 13 2 5 6 10 3 7 11 14 4 8 12 15 
	Array Representation:  
[[ 0  2  3  4]
 [ 1  5  7  8]
 [ 9  6 11 12]
 [13 10 14 15]]

2) Node State: 2
	String Representation: 	1 0 9 13 2 5 6 10 3 7 11 14 4 8 12 15 
	Array Representation:  
[[ 1  2  3  4]
 [ 0  5  7  8]
 [ 9  6 11 12]
 [13 10 14 15]]

3) Node State: 5
	String Representation: 	1 5 9 13 2 0 6 10 3 7 11 14 4 8 12 15 
	Array Representation:  
[[ 1  2  3  4]
 [ 5  0  7  8]
 [ 9  6 11 12]
 [13 10 14 15]]

4) Node State: 11
	String Representation: 	1 5 9 13 2 6 0 10 3 7 11 14 4 8 12 15 
	Array Representation:  
[[ 1  2  3  4]
 [ 5  6  7  8]
 [ 9  0 11 12]
 [13 10 14 15]]

5) Node State: 24
	String Representation: 	1 5 9 13 2 6 10 0 3 7 11 14 4 8 12 15 
	Array Representation:  
[[ 1  2  3  4]
 [ 5  6  7  8]
 [ 9 10 11 12]
 [13  0 14 15]]

6) Node State: 55
	String Representation: 	1 5 9 13 2 6 10 14 3 7 11 0 4 8 12 15 
	Array Representation:  
[[ 1  2  3  4]
 [ 5  6  7  8]
 [ 9 10 11 12]
 [13 14  0 15]]

7) Node State: 125
	String Representation: 	1 5 9 13 2 6 10 14 3 7 11 15 4 8 12 0 
	Array Representation:  
[[ 1  2  3  4]
 [ 5  6  7  8]
 [ 9 10 11 12]
 [13 14 15  0]]


	 ---------- All the nodes generated while doing BFS (string representation in column major order)  ----------

 Node State 1 : 	 0 1 9 13 2 5 6 10 3 7 11 14 4 8 12 15 
 Node State 2 : 	 1 0 9 13 2 5 6 10 3 7 11 14 4 8 12 15 
 Node State 3 : 	 2 1 9 13 0 5 6 10 3 7 11 14 4 8 12 15 
 Node State 4 : 	 1 9 0 13 2 5 6 10 3 7 11 14 4 8 12 15 
 Node State 5 : 	 1 5 9 13 2 0 6 10 3 7 11 14 4 8 12 15 
 Node State 6 : 	 2 1 9 13 5 0 6 10 3 7 11 14 4 8 12 15 
 Node State 7 : 	 2 1 9 13 3 5 6 10 0 7 11 14 4 8 12 15 
 Node State 8 : 	 1 9 13 0 2 5 6 10 3 7 11 14 4 8 12 15 
 Node State 9 : 	 1 9 6 13 2 5 0 10 3 7 11 14 4 8 12 15 
 Node State 10 : 	 1 5 9 13 0 2 6 10 3 7 11 14 4 8 12 15 
 Node State 11 : 	 1 5 9 13 2 6 0 10 3 7 11 14 4 8 12 15 
 Node State 12 : 	 1 5 9 13 2 7 6 10 3 0 11 14 4 8 12 15 
 Node State 13 : 	 2 1 9 13 5 6 0 10 3 7 11 14 4 8 12 15 
 Node State 14 : 	 2 1 9 13 5 7 6 10 3 0 11 14 4 8 12 15 
 Node State 15 : 	 2 0 9 13 5 1 6 10 3 7 11 14 4 8 12 15 
 Node State 16 : 	 2 1 9 13 3 5 6 10 7 0 11 14 4 8 12 15 
 Node State 17 : 	 2 1 9 13 3 5 6 10 4 7 11 14 0 8 12 15 
 Node State 18 : 	 1 9 13 10 2 5 6 0 3 7 11 14 4 8 12 15 
 Node State 19 : 	 1 9 6 13 2 0 5 10 3 7 11 14 4 8 12 15 
 Node State 20 : 	 1 9 6 13 2 5 10 0 3 7 11 14 4 8 12 15 
 Node State 21 : 	 1 9 6 13 2 5 11 10 3 7 0 14 4 8 12 15 
 Node State 22 : 	 1 5 9 13 3 2 6 10 0 7 11 14 4 8 12 15 
 Node State 23 : 	 0 5 9 13 1 2 6 10 3 7 11 14 4 8 12 15 
 Node State 24 : 	 1 5 9 13 2 6 10 0 3 7 11 14 4 8 12 15 
 Node State 25 : 	 1 5 9 13 2 6 11 10 3 7 0 14 4 8 12 15 
 Node State 26 : 	 1 5 0 13 2 6 9 10 3 7 11 14 4 8 12 15 
 Node State 27 : 	 1 5 9 13 2 7 6 10 0 3 11 14 4 8 12 15 
 Node State 28 : 	 1 5 9 13 2 7 6 10 3 11 0 14 4 8 12 15 
 Node State 29 : 	 1 5 9 13 2 7 6 10 3 8 11 14 4 0 12 15 
 Node State 30 : 	 2 1 9 13 5 6 10 0 3 7 11 14 4 8 12 15 
 Node State 31 : 	 2 1 9 13 5 6 11 10 3 7 0 14 4 8 12 15 
 Node State 32 : 	 2 1 0 13 5 6 9 10 3 7 11 14 4 8 12 15 
 Node State 33 : 	 2 1 9 13 5 7 6 10 0 3 11 14 4 8 12 15 
 Node State 34 : 	 2 1 9 13 5 7 6 10 3 11 0 14 4 8 12 15 
 Node State 35 : 	 2 1 9 13 5 7 6 10 3 8 11 14 4 0 12 15 
 Node State 36 : 	 0 2 9 13 5 1 6 10 3 7 11 14 4 8 12 15 
 Node State 37 : 	 2 9 0 13 5 1 6 10 3 7 11 14 4 8 12 15 
 Node State 38 : 	 2 1 9 13 3 5 6 10 7 11 0 14 4 8 12 15 
 Node State 39 : 	 2 1 9 13 3 5 6 10 7 8 11 14 4 0 12 15 
 Node State 40 : 	 2 1 9 13 3 0 6 10 7 5 11 14 4 8 12 15 
 Node State 41 : 	 2 1 9 13 3 5 6 10 4 7 11 14 8 0 12 15 
 Node State 42 : 	 1 9 13 10 2 5 0 6 3 7 11 14 4 8 12 15 
 Node State 43 : 	 1 9 13 10 2 5 6 14 3 7 11 0 4 8 12 15 
 Node State 44 : 	 1 9 6 13 0 2 5 10 3 7 11 14 4 8 12 15 
 Node State 45 : 	 1 9 6 13 2 7 5 10 3 0 11 14 4 8 12 15 
 Node State 46 : 	 1 0 6 13 2 9 5 10 3 7 11 14 4 8 12 15 
 Node State 47 : 	 1 9 6 13 2 5 10 14 3 7 11 0 4 8 12 15 
 Node State 48 : 	 1 9 6 0 2 5 10 13 3 7 11 14 4 8 12 15 
 Node State 49 : 	 1 9 6 13 2 5 11 10 3 0 7 14 4 8 12 15 
 Node State 50 : 	 1 9 6 13 2 5 11 10 3 7 14 0 4 8 12 15 
 Node State 51 : 	 1 9 6 13 2 5 11 10 3 7 12 14 4 8 0 15 
 Node State 52 : 	 1 5 9 13 3 2 6 10 7 0 11 14 4 8 12 15 
 Node State 53 : 	 1 5 9 13 3 2 6 10 4 7 11 14 0 8 12 15 
 Node State 54 : 	 5 0 9 13 1 2 6 10 3 7 11 14 4 8 12 15 
 Node State 55 : 	 1 5 9 13 2 6 10 14 3 7 11 0 4 8 12 15 
 Node State 56 : 	 1 5 9 0 2 6 10 13 3 7 11 14 4 8 12 15 
 Node State 57 : 	 1 5 9 13 2 6 11 10 3 0 7 14 4 8 12 15 
 Node State 58 : 	 1 5 9 13 2 6 11 10 3 7 14 0 4 8 12 15 
 Node State 59 : 	 1 5 9 13 2 6 11 10 3 7 12 14 4 8 0 15 
 Node State 60 : 	 1 0 5 13 2 6 9 10 3 7 11 14 4 8 12 15 
 Node State 61 : 	 1 5 13 0 2 6 9 10 3 7 11 14 4 8 12 15 
 Node State 62 : 	 1 5 9 13 2 7 6 10 4 3 11 14 0 8 12 15 
 Node State 63 : 	 1 5 9 13 0 7 6 10 2 3 11 14 4 8 12 15 
 Node State 64 : 	 1 5 9 13 2 7 6 10 3 11 14 0 4 8 12 15 
 Node State 65 : 	 1 5 9 13 2 7 6 10 3 11 12 14 4 8 0 15 
 Node State 66 : 	 1 5 9 13 2 7 0 10 3 11 6 14 4 8 12 15 
 Node State 67 : 	 1 5 9 13 2 7 6 10 3 8 11 14 0 4 12 15 
 Node State 68 : 	 1 5 9 13 2 7 6 10 3 8 11 14 4 12 0 15 
 Node State 69 : 	 2 1 9 13 5 6 10 14 3 7 11 0 4 8 12 15 
 Node State 70 : 	 2 1 9 0 5 6 10 13 3 7 11 14 4 8 12 15 
 Node State 71 : 	 2 1 9 13 5 6 11 10 3 0 7 14 4 8 12 15 
 Node State 72 : 	 2 1 9 13 5 6 11 10 3 7 14 0 4 8 12 15 
 Node State 73 : 	 2 1 9 13 5 6 11 10 3 7 12 14 4 8 0 15 
 Node State 74 : 	 2 0 1 13 5 6 9 10 3 7 11 14 4 8 12 15 
 Node State 75 : 	 2 1 13 0 5 6 9 10 3 7 11 14 4 8 12 15 
 Node State 76 : 	 2 1 9 13 5 7 6 10 4 3 11 14 0 8 12 15 
 Node State 77 : 	 2 1 9 13 0 7 6 10 5 3 11 14 4 8 12 15 
 Node State 78 : 	 2 1 9 13 5 7 6 10 3 11 14 0 4 8 12 15 
 Node State 79 : 	 2 1 9 13 5 7 6 10 3 11 12 14 4 8 0 15 
 Node State 80 : 	 2 1 9 13 5 7 0 10 3 11 6 14 4 8 12 15 
 Node State 81 : 	 2 1 9 13 5 7 6 10 3 8 11 14 0 4 12 15 
 Node State 82 : 	 2 1 9 13 5 7 6 10 3 8 11 14 4 12 0 15 
 Node State 83 : 	 5 2 9 13 0 1 6 10 3 7 11 14 4 8 12 15 
 Node State 84 : 	 2 9 13 0 5 1 6 10 3 7 11 14 4 8 12 15 
 Node State 85 : 	 2 9 6 13 5 1 0 10 3 7 11 14 4 8 12 15 
 Node State 86 : 	 2 1 9 13 3 5 6 10 7 11 14 0 4 8 12 15 
 Node State 87 : 	 2 1 9 13 3 5 6 10 7 11 12 14 4 8 0 15 
 Node State 88 : 	 2 1 9 13 3 5 0 10 7 11 6 14 4 8 12 15 
 Node State 89 : 	 2 1 9 13 3 5 6 10 7 8 11 14 0 4 12 15 
 Node State 90 : 	 2 1 9 13 3 5 6 10 7 8 11 14 4 12 0 15 
 Node State 91 : 	 2 1 9 13 0 3 6 10 7 5 11 14 4 8 12 15 
 Node State 92 : 	 2 1 9 13 3 6 0 10 7 5 11 14 4 8 12 15 
 Node State 93 : 	 2 0 9 13 3 1 6 10 7 5 11 14 4 8 12 15 
 Node State 94 : 	 2 1 9 13 3 5 6 10 4 7 11 14 8 12 0 15 
 Node State 95 : 	 2 1 9 13 3 5 6 10 4 0 11 14 8 7 12 15 
 Node State 96 : 	 1 9 13 10 2 0 5 6 3 7 11 14 4 8 12 15 
 Node State 97 : 	 1 9 13 10 2 5 11 6 3 7 0 14 4 8 12 15 
 Node State 98 : 	 1 9 0 10 2 5 13 6 3 7 11 14 4 8 12 15 
 Node State 99 : 	 1 9 13 10 2 5 6 14 3 7 0 11 4 8 12 15 
 Node State 100 : 	 1 9 13 10 2 5 6 14 3 7 11 15 4 8 12 0 
 Node State 101 : 	 1 9 6 13 3 2 5 10 0 7 11 14 4 8 12 15 
 Node State 102 : 	 0 9 6 13 1 2 5 10 3 7 11 14 4 8 12 15 
 Node State 103 : 	 1 9 6 13 2 7 5 10 0 3 11 14 4 8 12 15 
 Node State 104 : 	 1 9 6 13 2 7 5 10 3 11 0 14 4 8 12 15 
 Node State 105 : 	 1 9 6 13 2 7 5 10 3 8 11 14 4 0 12 15 
 Node State 106 : 	 0 1 6 13 2 9 5 10 3 7 11 14 4 8 12 15 
 Node State 107 : 	 1 6 0 13 2 9 5 10 3 7 11 14 4 8 12 15 
 Node State 108 : 	 1 9 6 13 2 5 10 14 3 7 0 11 4 8 12 15 
 Node State 109 : 	 1 9 6 13 2 5 10 14 3 7 11 15 4 8 12 0 
 Node State 110 : 	 1 9 0 6 2 5 10 13 3 7 11 14 4 8 12 15 
 Node State 111 : 	 1 9 6 13 2 5 11 10 0 3 7 14 4 8 12 15 
 Node State 112 : 	 1 9 6 13 2 5 11 10 3 8 7 14 4 0 12 15 
 Node State 113 : 	 1 9 6 13 2 0 11 10 3 5 7 14 4 8 12 15 
 Node State 114 : 	 1 9 6 13 2 5 11 10 3 7 14 15 4 8 12 0 
 Node State 115 : 	 1 9 6 13 2 5 11 0 3 7 14 10 4 8 12 15 
 Node State 116 : 	 1 9 6 13 2 5 11 10 3 7 12 14 4 0 8 15 
 Node State 117 : 	 1 9 6 13 2 5 11 10 3 7 12 14 4 8 15 0 
 Node State 118 : 	 1 5 9 13 3 2 6 10 7 11 0 14 4 8 12 15 
 Node State 119 : 	 1 5 9 13 3 2 6 10 7 8 11 14 4 0 12 15 
 Node State 120 : 	 1 5 9 13 3 0 6 10 7 2 11 14 4 8 12 15 
 Node State 121 : 	 1 5 9 13 3 2 6 10 4 7 11 14 8 0 12 15 
 Node State 122 : 	 5 9 0 13 1 2 6 10 3 7 11 14 4 8 12 15 
 Node State 123 : 	 5 2 9 13 1 0 6 10 3 7 11 14 4 8 12 15 
 Node State 124 : 	 1 5 9 13 2 6 10 14 3 7 0 11 4 8 12 15 
 Node State 125 : 	 1 5 9 13 2 6 10 14 3 7 11 15 4 8 12 0 
 Node State 126 : 	 1 5 0 9 2 6 10 13 3 7 11 14 4 8 12 15 
 Node State 127 : 	 1 5 9 13 2 6 11 10 0 3 7 14 4 8 12 15 
 Node State 128 : 	 1 5 9 13 2 6 11 10 3 8 7 14 4 0 12 15 
 Node State 129 : 	 1 5 9 13 2 0 11 10 3 6 7 14 4 8 12 15 
 Node State 130 : 	 1 5 9 13 2 6 11 10 3 7 14 15 4 8 12 0 
 Node State 131 : 	 1 5 9 13 2 6 11 0 3 7 14 10 4 8 12 15 
 Node State 132 : 	 1 5 9 13 2 6 11 10 3 7 12 14 4 0 8 15 
 Node State 133 : 	 1 5 9 13 2 6 11 10 3 7 12 14 4 8 15 0 
 Node State 134 : 	 0 1 5 13 2 6 9 10 3 7 11 14 4 8 12 15 
 Node State 135 : 	 1 6 5 13 2 0 9 10 3 7 11 14 4 8 12 15 
 Node State 136 : 	 1 5 13 10 2 6 9 0 3 7 11 14 4 8 12 15 
 Node State 137 : 	 1 5 9 13 2 7 6 10 4 3 11 14 8 0 12 15 
 Node State 138 : 	 1 5 9 13 7 0 6 10 2 3 11 14 4 8 12 15 
 Node State 139 : 	 0 5 9 13 1 7 6 10 2 3 11 14 4 8 12 15 
 Node State 140 : 	 1 5 9 13 2 7 6 10 3 11 14 15 4 8 12 0 
 Node State 141 : 	 1 5 9 13 2 7 6 0 3 11 14 10 4 8 12 15 
 Node State 142 : 	 1 5 9 13 2 7 6 10 3 11 12 14 4 0 8 15 
 Node State 143 : 	 1 5 9 13 2 7 6 10 3 11 12 14 4 8 15 0 
 Node State 144 : 	 1 5 9 13 2 0 7 10 3 11 6 14 4 8 12 15 
 Node State 145 : 	 1 5 9 13 2 7 10 0 3 11 6 14 4 8 12 15 
 Node State 146 : 	 1 5 0 13 2 7 9 10 3 11 6 14 4 8 12 15 
 Node State 147 : 	 1 5 9 13 2 7 6 10 0 8 11 14 3 4 12 15 
 Node State 148 : 	 1 5 9 13 2 7 6 10 3 8 11 14 4 12 15 0 
 Node State 149 : 	 1 5 9 13 2 7 6 10 3 8 0 14 4 12 11 15 
 Node State 150 : 	 2 1 9 13 5 6 10 14 3 7 0 11 4 8 12 15 
 Node State 151 : 	 2 1 9 13 5 6 10 14 3 7 11 15 4 8 12 0 
 Node State 152 : 	 2 1 0 9 5 6 10 13 3 7 11 14 4 8 12 15 
 Node State 153 : 	 2 1 9 13 5 6 11 10 0 3 7 14 4 8 12 15 
 Node State 154 : 	 2 1 9 13 5 6 11 10 3 8 7 14 4 0 12 15 
 Node State 155 : 	 2 1 9 13 5 0 11 10 3 6 7 14 4 8 12 15 
 Node State 156 : 	 2 1 9 13 5 6 11 10 3 7 14 15 4 8 12 0 
 Node State 157 : 	 2 1 9 13 5 6 11 0 3 7 14 10 4 8 12 15 
 Node State 158 : 	 2 1 9 13 5 6 11 10 3 7 12 14 4 0 8 15 
 Node State 159 : 	 2 1 9 13 5 6 11 10 3 7 12 14 4 8 15 0 
 Node State 160 : 	 0 2 1 13 5 6 9 10 3 7 11 14 4 8 12 15 
 Node State 161 : 	 2 6 1 13 5 0 9 10 3 7 11 14 4 8 12 15 
 Node State 162 : 	 2 1 13 10 5 6 9 0 3 7 11 14 4 8 12 15 
 Node State 163 : 	 2 1 9 13 5 7 6 10 4 3 11 14 8 0 12 15 
 Node State 164 : 	 2 1 9 13 7 0 6 10 5 3 11 14 4 8 12 15 
 Node State 165 : 	 0 1 9 13 2 7 6 10 5 3 11 14 4 8 12 15 
 Node State 166 : 	 2 1 9 13 5 7 6 10 3 11 14 15 4 8 12 0 
 Node State 167 : 	 2 1 9 13 5 7 6 0 3 11 14 10 4 8 12 15 
 Node State 168 : 	 2 1 9 13 5 7 6 10 3 11 12 14 4 0 8 15 
 Node State 169 : 	 2 1 9 13 5 7 6 10 3 11 12 14 4 8 15 0 
 Node State 170 : 	 2 1 9 13 5 0 7 10 3 11 6 14 4 8 12 15 
 Node State 171 : 	 2 1 9 13 5 7 10 0 3 11 6 14 4 8 12 15 
 Node State 172 : 	 2 1 0 13 5 7 9 10 3 11 6 14 4 8 12 15 
 Node State 173 : 	 2 1 9 13 5 7 6 10 0 8 11 14 3 4 12 15 
 Node State 174 : 	 2 1 9 13 5 7 6 10 3 8 11 14 4 12 15 0 
 Node State 175 : 	 2 1 9 13 5 7 6 10 3 8 0 14 4 12 11 15 
 Node State 176 : 	 5 2 9 13 3 1 6 10 0 7 11 14 4 8 12 15 
 Node State 177 : 	 2 9 13 10 5 1 6 0 3 7 11 14 4 8 12 15 
 Node State 178 : 	 2 9 6 13 5 0 1 10 3 7 11 14 4 8 12 15 
 Node State 179 : 	 2 9 6 13 5 1 10 0 3 7 11 14 4 8 12 15 
 Node State 180 : 	 2 9 6 13 5 1 11 10 3 7 0 14 4 8 12 15 
 Node State 181 : 	 2 1 9 13 3 5 6 10 7 11 14 15 4 8 12 0 
 Node State 182 : 	 2 1 9 13 3 5 6 0 7 11 14 10 4 8 12 15 
 Node State 183 : 	 2 1 9 13 3 5 6 10 7 11 12 14 4 0 8 15 
 Node State 184 : 	 2 1 9 13 3 5 6 10 7 11 12 14 4 8 15 0 
 Node State 185 : 	 2 1 9 13 3 0 5 10 7 11 6 14 4 8 12 15 
 Node State 186 : 	 2 1 9 13 3 5 10 0 7 11 6 14 4 8 12 15 
 Node State 187 : 	 2 1 0 13 3 5 9 10 7 11 6 14 4 8 12 15 
 Node State 188 : 	 2 1 9 13 3 5 6 10 0 8 11 14 7 4 12 15 
 Node State 189 : 	 2 1 9 13 3 5 6 10 7 8 11 14 4 12 15 0 
 Node State 190 : 	 2 1 9 13 3 5 6 10 7 8 0 14 4 12 11 15 
 Node State 191 : 	 2 1 9 13 7 3 6 10 0 5 11 14 4 8 12 15 
 Node State 192 : 	 0 1 9 13 2 3 6 10 7 5 11 14 4 8 12 15 
 Node State 193 : 	 2 1 9 13 3 6 10 0 7 5 11 14 4 8 12 15 
 Node State 194 : 	 2 1 9 13 3 6 11 10 7 5 0 14 4 8 12 15 
 Node State 195 : 	 2 1 0 13 3 6 9 10 7 5 11 14 4 8 12 15 
 Node State 196 : 	 0 2 9 13 3 1 6 10 7 5 11 14 4 8 12 15 
 Node State 197 : 	 2 9 0 13 3 1 6 10 7 5 11 14 4 8 12 15 
 Node State 198 : 	 2 1 9 13 3 5 6 10 4 7 11 14 8 12 15 0 
 Node State 199 : 	 2 1 9 13 3 5 6 10 4 7 0 14 8 12 11 15 
 Node State 200 : 	 2 1 9 13 3 5 6 10 0 4 11 14 8 7 12 15 
 Node State 201 : 	 2 1 9 13 3 5 6 10 4 11 0 14 8 7 12 15 
 Node State 202 : 	 2 1 9 13 3 0 6 10 4 5 11 14 8 7 12 15 
 Node State 203 : 	 1 9 13 10 0 2 5 6 3 7 11 14 4 8 12 15 
 Node State 204 : 	 1 9 13 10 2 7 5 6 3 0 11 14 4 8 12 15 
 Node State 205 : 	 1 0 13 10 2 9 5 6 3 7 11 14 4 8 12 15 
 Node State 206 : 	 1 9 13 10 2 5 11 6 3 0 7 14 4 8 12 15 
 Node State 207 : 	 1 9 13 10 2 5 11 6 3 7 14 0 4 8 12 15 
 Node State 208 : 	 1 9 13 10 2 5 11 6 3 7 12 14 4 8 0 15 
 Node State 209 : 	 1 0 9 10 2 5 13 6 3 7 11 14 4 8 12 15 
 Node State 210 : 	 1 9 10 0 2 5 13 6 3 7 11 14 4 8 12 15 
 Node State 211 : 	 1 9 13 10 2 5 6 14 3 0 7 11 4 8 12 15 
 Node State 212 : 	 1 9 13 10 2 5 6 14 3 7 12 11 4 8 0 15 
 Node State 213 : 	 1 9 13 10 2 5 0 14 3 7 6 11 4 8 12 15 
 Node State 214 : 	 1 9 13 10 2 5 6 14 3 7 11 15 4 8 0 12 
 Node State 215 : 	 1 9 6 13 3 2 5 10 7 0 11 14 4 8 12 15 
 Node State 216 : 	 1 9 6 13 3 2 5 10 4 7 11 14 0 8 12 15 
 Node State 217 : 	 9 0 6 13 1 2 5 10 3 7 11 14 4 8 12 15 
 Node State 218 : 	 1 9 6 13 2 7 5 10 4 3 11 14 0 8 12 15 
 Node State 219 : 	 1 9 6 13 0 7 5 10 2 3 11 14 4 8 12 15 
 Node State 220 : 	 1 9 6 13 2 7 5 10 3 11 14 0 4 8 12 15 
 Node State 221 : 	 1 9 6 13 2 7 5 10 3 11 12 14 4 8 0 15 
 Node State 222 : 	 1 9 6 13 2 7 0 10 3 11 5 14 4 8 12 15 
 Node State 223 : 	 1 9 6 13 2 7 5 10 3 8 11 14 0 4 12 15 
 Node State 224 : 	 1 9 6 13 2 7 5 10 3 8 11 14 4 12 0 15 
 Node State 225 : 	 2 1 6 13 0 9 5 10 3 7 11 14 4 8 12 15 
 Node State 226 : 	 1 6 13 0 2 9 5 10 3 7 11 14 4 8 12 15 
 Node State 227 : 	 1 6 5 13 2 9 0 10 3 7 11 14 4 8 12 15 
 Node State 228 : 	 1 9 6 13 2 5 10 14 3 0 7 11 4 8 12 15 
 Node State 229 : 	 1 9 6 13 2 5 10 14 3 7 12 11 4 8 0 15 
 Node State 230 : 	 1 9 6 13 2 5 0 14 3 7 10 11 4 8 12 15 
 Node State 231 : 	 1 9 6 13 2 5 10 14 3 7 11 15 4 8 0 12 
 Node State 232 : 	 1 0 9 6 2 5 10 13 3 7 11 14 4 8 12 15 
 Node State 233 : 	 1 9 10 6 2 5 0 13 3 7 11 14 4 8 12 15 
 Node State 234 : 	 1 9 6 13 2 5 11 10 4 3 7 14 0 8 12 15 
 Node State 235 : 	 1 9 6 13 0 5 11 10 2 3 7 14 4 8 12 15 
 Node State 236 : 	 1 9 6 13 2 5 11 10 3 8 7 14 0 4 12 15 
 Node State 237 : 	 1 9 6 13 2 5 11 10 3 8 7 14 4 12 0 15 
 Node State 238 : 	 1 9 6 13 0 2 11 10 3 5 7 14 4 8 12 15 
 Node State 239 : 	 1 9 6 13 2 11 0 10 3 5 7 14 4 8 12 15 
 Node State 240 : 	 1 0 6 13 2 9 11 10 3 5 7 14 4 8 12 15 
 Node State 241 : 	 1 9 6 13 2 5 11 10 3 7 14 15 4 8 0 12 
 Node State 242 : 	 1 9 6 13 2 5 0 11 3 7 14 10 4 8 12 15 
 Node State 243 : 	 1 9 6 0 2 5 11 13 3 7 14 10 4 8 12 15 
 Node State 244 : 	 1 9 6 13 2 5 11 10 3 7 12 14 0 4 8 15 
 Node State 245 : 	 1 9 6 13 2 5 11 10 3 0 12 14 4 7 8 15 
 Node State 246 : 	 1 9 6 13 2 5 11 10 3 7 12 0 4 8 15 14 
 Node State 247 : 	 1 5 9 13 3 2 6 10 7 11 14 0 4 8 12 15 
 Node State 248 : 	 1 5 9 13 3 2 6 10 7 11 12 14 4 8 0 15 
 Node State 249 : 	 1 5 9 13 3 2 0 10 7 11 6 14 4 8 12 15 
 Node State 250 : 	 1 5 9 13 3 2 6 10 7 8 11 14 0 4 12 15 
 Node State 251 : 	 1 5 9 13 3 2 6 10 7 8 11 14 4 12 0 15 
 Node State 252 : 	 1 5 9 13 0 3 6 10 7 2 11 14 4 8 12 15 
 Node State 253 : 	 1 5 9 13 3 6 0 10 7 2 11 14 4 8 12 15 
 Node State 254 : 	 1 0 9 13 3 5 6 10 7 2 11 14 4 8 12 15 
 Node State 255 : 	 1 5 9 13 3 2 6 10 4 7 11 14 8 12 0 15 
 Node State 256 : 	 1 5 9 13 3 2 6 10 4 0 11 14 8 7 12 15 
 Node State 257 : 	 5 9 13 0 1 2 6 10 3 7 11 14 4 8 12 15 
 Node State 258 : 	 5 9 6 13 1 2 0 10 3 7 11 14 4 8 12 15 
 Node State 259 : 	 5 2 9 13 1 6 0 10 3 7 11 14 4 8 12 15 
 Node State 260 : 	 5 2 9 13 1 7 6 10 3 0 11 14 4 8 12 15 
 Node State 261 : 	 1 5 9 13 2 6 10 14 3 0 7 11 4 8 12 15 
 Node State 262 : 	 1 5 9 13 2 6 10 14 3 7 12 11 4 8 0 15 
 Node State 263 : 	 1 5 9 13 2 6 0 14 3 7 10 11 4 8 12 15 