Goal State reached at node 305 !!!
Required Solution trajectory:	 1 -> 2 -> 5 -> 12 -> 29 -> 68 -> 148 -> 305

Time taken to solve:	51.948 ms

1) Node State: 1
	String Representation: 	5 0 9 13 1 6 10 14 2 7 11 15 3 4 8 12 
	Array Representation:  
[[ 5  1  2  3]
 [ 0  6  7  4]
 [ 9 10 11  8]
 [13 14 15 12]]

2) Node State: 2
	String Representation: 	0 5 9 13 1 6 10 14 2 7 11 15 3 4 8 12 
	Array Representation:  
[[ 0  1  2  3]
 [ 5  6  7  4]
 [ 9 10 11  8]
 [13 14 15 12]]

3) Node State: 5
	String Representation: 	1 5 9 13 0 6 10 14 2 7 11 15 3 4 8 12 
	Array Representation:  
[[ 1  0  2  3]
 [ 5  6  7  4]
 [ 9 10 11  8]
 [13 14 15 12]]

4) Node State: 12
	String Representation: 	1 5 9 13 2 6 10 14 0 7 11 15 3 4 8 12 
	Array Representation:  
[[ 1  2  0  3]
 [ 5  6  7  4]
 [ 9 10 11  8]
 [13 14 15 12]]

5) Node State: 29
	String Representation: 	1 5 9 13 2 6 10 14 3 7 11 15 0 4 8 12 
	Array Representation:  
[[ 1  2  3  0]
 [ 5  6  7  4]
 [ 9 10 11  8]
 [13 14 15 12]]

6) Node State: 68
	String Representation: 	1 5 9 13 2 6 10 14 3 7 11 15 4 0 8 12 
	Array Representation:  
[[ 1  2  3  4]
 [ 5  6  7  0]
 [ 9 10 11  8]
 [13 14 15 12]]

7) Node State: 148
	String Representation: 	1 5 9 13 2 6 10 14 3 7 11 15 4 8 0 12 
	Array Representation:  
[[ 1  2  3  4]
 [ 5  6  7  8]
 [ 9 10 11  0]
 [13 14 15 12]]

8) Node State: 305
	String Representation: 	1 5 9 13 2 6 10 14 3 7 11 15 4 8 12 0 
	Array Representation:  
[[ 1  2  3  4]
 [ 5  6  7  8]
 [ 9 10 11 12]
 [13 14 15  0]]


	 ---------- All the nodes generated while doing BFS (string representation in column major order)  ----------

 Node State 1 : 	 5 0 9 13 1 6 10 14 2 7 11 15 3 4 8 12 
 Node State 2 : 	 0 5 9 13 1 6 10 14 2 7 11 15 3 4 8 12 
 Node State 3 : 	 5 9 0 13 1 6 10 14 2 7 11 15 3 4 8 12 
 Node State 4 : 	 5 6 9 13 1 0 10 14 2 7 11 15 3 4 8 12 
 Node State 5 : 	 1 5 9 13 0 6 10 14 2 7 11 15 3 4 8 12 
 Node State 6 : 	 5 9 13 0 1 6 10 14 2 7 11 15 3 4 8 12 
 Node State 7 : 	 5 9 10 13 1 6 0 14 2 7 11 15 3 4 8 12 
 Node State 8 : 	 5 6 9 13 0 1 10 14 2 7 11 15 3 4 8 12 
 Node State 9 : 	 5 6 9 13 1 10 0 14 2 7 11 15 3 4 8 12 
 Node State 10 : 	 5 6 9 13 1 7 10 14 2 0 11 15 3 4 8 12 
 Node State 11 : 	 1 5 9 13 6 0 10 14 2 7 11 15 3 4 8 12 
 Node State 12 : 	 1 5 9 13 2 6 10 14 0 7 11 15 3 4 8 12 
 Node State 13 : 	 5 9 13 14 1 6 10 0 2 7 11 15 3 4 8 12 
 Node State 14 : 	 5 9 10 13 1 0 6 14 2 7 11 15 3 4 8 12 
 Node State 15 : 	 5 9 10 13 1 6 14 0 2 7 11 15 3 4 8 12 
 Node State 16 : 	 5 9 10 13 1 6 11 14 2 7 0 15 3 4 8 12 
 Node State 17 : 	 5 6 9 13 2 1 10 14 0 7 11 15 3 4 8 12 
 Node State 18 : 	 0 6 9 13 5 1 10 14 2 7 11 15 3 4 8 12 
 Node State 19 : 	 5 6 9 13 1 10 14 0 2 7 11 15 3 4 8 12 
 Node State 20 : 	 5 6 9 13 1 10 11 14 2 7 0 15 3 4 8 12 
 Node State 21 : 	 5 6 0 13 1 10 9 14 2 7 11 15 3 4 8 12 
 Node State 22 : 	 5 6 9 13 1 7 10 14 0 2 11 15 3 4 8 12 
 Node State 23 : 	 5 6 9 13 1 7 10 14 2 11 0 15 3 4 8 12 
 Node State 24 : 	 5 6 9 13 1 7 10 14 2 4 11 15 3 0 8 12 
 Node State 25 : 	 1 5 9 13 6 10 0 14 2 7 11 15 3 4 8 12 
 Node State 26 : 	 1 5 9 13 6 7 10 14 2 0 11 15 3 4 8 12 
 Node State 27 : 	 1 0 9 13 6 5 10 14 2 7 11 15 3 4 8 12 
 Node State 28 : 	 1 5 9 13 2 6 10 14 7 0 11 15 3 4 8 12 
 Node State 29 : 	 1 5 9 13 2 6 10 14 3 7 11 15 0 4 8 12 
 Node State 30 : 	 5 9 13 14 1 6 0 10 2 7 11 15 3 4 8 12 
 Node State 31 : 	 5 9 13 14 1 6 10 15 2 7 11 0 3 4 8 12 
 Node State 32 : 	 5 9 10 13 0 1 6 14 2 7 11 15 3 4 8 12 
 Node State 33 : 	 5 9 10 13 1 7 6 14 2 0 11 15 3 4 8 12 
 Node State 34 : 	 5 0 10 13 1 9 6 14 2 7 11 15 3 4 8 12 
 Node State 35 : 	 5 9 10 13 1 6 14 15 2 7 11 0 3 4 8 12 
 Node State 36 : 	 5 9 10 0 1 6 14 13 2 7 11 15 3 4 8 12 
 Node State 37 : 	 5 9 10 13 1 6 11 14 2 0 7 15 3 4 8 12 
 Node State 38 : 	 5 9 10 13 1 6 11 14 2 7 15 0 3 4 8 12 
 Node State 39 : 	 5 9 10 13 1 6 11 14 2 7 8 15 3 4 0 12 
 Node State 40 : 	 5 6 9 13 2 1 10 14 7 0 11 15 3 4 8 12 
 Node State 41 : 	 5 6 9 13 2 1 10 14 3 7 11 15 0 4 8 12 
 Node State 42 : 	 6 0 9 13 5 1 10 14 2 7 11 15 3 4 8 12 
 Node State 43 : 	 5 6 9 13 1 10 14 15 2 7 11 0 3 4 8 12 
 Node State 44 : 	 5 6 9 0 1 10 14 13 2 7 11 15 3 4 8 12 
 Node State 45 : 	 5 6 9 13 1 10 11 14 2 0 7 15 3 4 8 12 
 Node State 46 : 	 5 6 9 13 1 10 11 14 2 7 15 0 3 4 8 12 
 Node State 47 : 	 5 6 9 13 1 10 11 14 2 7 8 15 3 4 0 12 
 Node State 48 : 	 5 0 6 13 1 10 9 14 2 7 11 15 3 4 8 12 
 Node State 49 : 	 5 6 13 0 1 10 9 14 2 7 11 15 3 4 8 12 
 Node State 50 : 	 5 6 9 13 1 7 10 14 3 2 11 15 0 4 8 12 
 Node State 51 : 	 5 6 9 13 0 7 10 14 1 2 11 15 3 4 8 12 
 Node State 52 : 	 5 6 9 13 1 7 10 14 2 11 15 0 3 4 8 12 
 Node State 53 : 	 5 6 9 13 1 7 10 14 2 11 8 15 3 4 0 12 
 Node State 54 : 	 5 6 9 13 1 7 0 14 2 11 10 15 3 4 8 12 
 Node State 55 : 	 5 6 9 13 1 7 10 14 2 4 11 15 0 3 8 12 
 Node State 56 : 	 5 6 9 13 1 7 10 14 2 4 11 15 3 8 0 12 
 Node State 57 : 	 1 5 9 13 6 10 14 0 2 7 11 15 3 4 8 12 
 Node State 58 : 	 1 5 9 13 6 10 11 14 2 7 0 15 3 4 8 12 
 Node State 59 : 	 1 5 0 13 6 10 9 14 2 7 11 15 3 4 8 12 
 Node State 60 : 	 1 5 9 13 6 7 10 14 0 2 11 15 3 4 8 12 
 Node State 61 : 	 1 5 9 13 6 7 10 14 2 11 0 15 3 4 8 12 
 Node State 62 : 	 1 5 9 13 6 7 10 14 2 4 11 15 3 0 8 12 
 Node State 63 : 	 0 1 9 13 6 5 10 14 2 7 11 15 3 4 8 12 
 Node State 64 : 	 1 9 0 13 6 5 10 14 2 7 11 15 3 4 8 12 
 Node State 65 : 	 1 5 9 13 2 6 10 14 7 11 0 15 3 4 8 12 
 Node State 66 : 	 1 5 9 13 2 6 10 14 7 4 11 15 3 0 8 12 
 Node State 67 : 	 1 5 9 13 2 0 10 14 7 6 11 15 3 4 8 12 
 Node State 68 : 	 1 5 9 13 2 6 10 14 3 7 11 15 4 0 8 12 
 Node State 69 : 	 5 9 13 14 1 0 6 10 2 7 11 15 3 4 8 12 
 Node State 70 : 	 5 9 13 14 1 6 11 10 2 7 0 15 3 4 8 12 
 Node State 71 : 	 5 9 0 14 1 6 13 10 2 7 11 15 3 4 8 12 
 Node State 72 : 	 5 9 13 14 1 6 10 15 2 7 0 11 3 4 8 12 
 Node State 73 : 	 5 9 13 14 1 6 10 15 2 7 11 12 3 4 8 0 
 Node State 74 : 	 5 9 10 13 2 1 6 14 0 7 11 15 3 4 8 12 
 Node State 75 : 	 0 9 10 13 5 1 6 14 2 7 11 15 3 4 8 12 
 Node State 76 : 	 5 9 10 13 1 7 6 14 0 2 11 15 3 4 8 12 
 Node State 77 : 	 5 9 10 13 1 7 6 14 2 11 0 15 3 4 8 12 
 Node State 78 : 	 5 9 10 13 1 7 6 14 2 4 11 15 3 0 8 12 
 Node State 79 : 	 0 5 10 13 1 9 6 14 2 7 11 15 3 4 8 12 
 Node State 80 : 	 5 10 0 13 1 9 6 14 2 7 11 15 3 4 8 12 
 Node State 81 : 	 5 9 10 13 1 6 14 15 2 7 0 11 3 4 8 12 
 Node State 82 : 	 5 9 10 13 1 6 14 15 2 7 11 12 3 4 8 0 
 Node State 83 : 	 5 9 0 10 1 6 14 13 2 7 11 15 3 4 8 12 
 Node State 84 : 	 5 9 10 13 1 6 11 14 0 2 7 15 3 4 8 12 
 Node State 85 : 	 5 9 10 13 1 6 11 14 2 4 7 15 3 0 8 12 
 Node State 86 : 	 5 9 10 13 1 0 11 14 2 6 7 15 3 4 8 12 
 Node State 87 : 	 5 9 10 13 1 6 11 14 2 7 15 12 3 4 8 0 
 Node State 88 : 	 5 9 10 13 1 6 11 0 2 7 15 14 3 4 8 12 
 Node State 89 : 	 5 9 10 13 1 6 11 14 2 7 8 15 3 0 4 12 
 Node State 90 : 	 5 9 10 13 1 6 11 14 2 7 8 15 3 4 12 0 
 Node State 91 : 	 5 6 9 13 2 1 10 14 7 11 0 15 3 4 8 12 
 Node State 92 : 	 5 6 9 13 2 1 10 14 7 4 11 15 3 0 8 12 
 Node State 93 : 	 5 6 9 13 2 0 10 14 7 1 11 15 3 4 8 12 
 Node State 94 : 	 5 6 9 13 2 1 10 14 3 7 11 15 4 0 8 12 
 Node State 95 : 	 6 9 0 13 5 1 10 14 2 7 11 15 3 4 8 12 
 Node State 96 : 	 6 1 9 13 5 0 10 14 2 7 11 15 3 4 8 12 
 Node State 97 : 	 5 6 9 13 1 10 14 15 2 7 0 11 3 4 8 12 
 Node State 98 : 	 5 6 9 13 1 10 14 15 2 7 11 12 3 4 8 0 
 Node State 99 : 	 5 6 0 9 1 10 14 13 2 7 11 15 3 4 8 12 
 Node State 100 : 	 5 6 9 13 1 10 11 14 0 2 7 15 3 4 8 12 
 Node State 101 : 	 5 6 9 13 1 10 11 14 2 4 7 15 3 0 8 12 
 Node State 102 : 	 5 6 9 13 1 0 11 14 2 10 7 15 3 4 8 12 
 Node State 103 : 	 5 6 9 13 1 10 11 14 2 7 15 12 3 4 8 0 
 Node State 104 : 	 5 6 9 13 1 10 11 0 2 7 15 14 3 4 8 12 
 Node State 105 : 	 5 6 9 13 1 10 11 14 2 7 8 15 3 0 4 12 
 Node State 106 : 	 5 6 9 13 1 10 11 14 2 7 8 15 3 4 12 0 
 Node State 107 : 	 0 5 6 13 1 10 9 14 2 7 11 15 3 4 8 12 
 Node State 108 : 	 5 10 6 13 1 0 9 14 2 7 11 15 3 4 8 12 
 Node State 109 : 	 5 6 13 14 1 10 9 0 2 7 11 15 3 4 8 12 
 Node State 110 : 	 5 6 9 13 1 7 10 14 3 2 11 15 4 0 8 12 
 Node State 111 : 	 5 6 9 13 7 0 10 14 1 2 11 15 3 4 8 12 
 Node State 112 : 	 0 6 9 13 5 7 10 14 1 2 11 15 3 4 8 12 
 Node State 113 : 	 5 6 9 13 1 7 10 14 2 11 15 12 3 4 8 0 
 Node State 114 : 	 5 6 9 13 1 7 10 0 2 11 15 14 3 4 8 12 
 Node State 115 : 	 5 6 9 13 1 7 10 14 2 11 8 15 3 0 4 12 
 Node State 116 : 	 5 6 9 13 1 7 10 14 2 11 8 15 3 4 12 0 
 Node State 117 : 	 5 6 9 13 1 0 7 14 2 11 10 15 3 4 8 12 
 Node State 118 : 	 5 6 9 13 1 7 14 0 2 11 10 15 3 4 8 12 
 Node State 119 : 	 5 6 0 13 1 7 9 14 2 11 10 15 3 4 8 12 
 Node State 120 : 	 5 6 9 13 1 7 10 14 0 4 11 15 2 3 8 12 
 Node State 121 : 	 5 6 9 13 1 7 10 14 2 4 11 15 3 8 12 0 
 Node State 122 : 	 5 6 9 13 1 7 10 14 2 4 0 15 3 8 11 12 
 Node State 123 : 	 1 5 9 13 6 10 14 15 2 7 11 0 3 4 8 12 
 Node State 124 : 	 1 5 9 0 6 10 14 13 2 7 11 15 3 4 8 12 
 Node State 125 : 	 1 5 9 13 6 10 11 14 2 0 7 15 3 4 8 12 
 Node State 126 : 	 1 5 9 13 6 10 11 14 2 7 15 0 3 4 8 12 
 Node State 127 : 	 1 5 9 13 6 10 11 14 2 7 8 15 3 4 0 12 
 Node State 128 : 	 1 0 5 13 6 10 9 14 2 7 11 15 3 4 8 12 
 Node State 129 : 	 1 5 13 0 6 10 9 14 2 7 11 15 3 4 8 12 
 Node State 130 : 	 1 5 9 13 6 7 10 14 3 2 11 15 0 4 8 12 
 Node State 131 : 	 1 5 9 13 0 7 10 14 6 2 11 15 3 4 8 12 
 Node State 132 : 	 1 5 9 13 6 7 10 14 2 11 15 0 3 4 8 12 
 Node State 133 : 	 1 5 9 13 6 7 10 14 2 11 8 15 3 4 0 12 
 Node State 134 : 	 1 5 9 13 6 7 0 14 2 11 10 15 3 4 8 12 
 Node State 135 : 	 1 5 9 13 6 7 10 14 2 4 11 15 0 3 8 12 
 Node State 136 : 	 1 5 9 13 6 7 10 14 2 4 11 15 3 8 0 12 
 Node State 137 : 	 6 1 9 13 0 5 10 14 2 7 11 15 3 4 8 12 
 Node State 138 : 	 1 9 13 0 6 5 10 14 2 7 11 15 3 4 8 12 
 Node State 139 : 	 1 9 10 13 6 5 0 14 2 7 11 15 3 4 8 12 
 Node State 140 : 	 1 5 9 13 2 6 10 14 7 11 15 0 3 4 8 12 
 Node State 141 : 	 1 5 9 13 2 6 10 14 7 11 8 15 3 4 0 12 
 Node State 142 : 	 1 5 9 13 2 6 0 14 7 11 10 15 3 4 8 12 
 Node State 143 : 	 1 5 9 13 2 6 10 14 7 4 11 15 0 3 8 12 
 Node State 144 : 	 1 5 9 13 2 6 10 14 7 4 11 15 3 8 0 12 
 Node State 145 : 	 1 5 9 13 0 2 10 14 7 6 11 15 3 4 8 12 
 Node State 146 : 	 1 5 9 13 2 10 0 14 7 6 11 15 3 4 8 12 
 Node State 147 : 	 1 0 9 13 2 5 10 14 7 6 11 15 3 4 8 12 
 Node State 148 : 	 1 5 9 13 2 6 10 14 3 7 11 15 4 8 0 12 
 Node State 149 : 	 1 5 9 13 2 6 10 14 3 0 11 15 4 7 8 12 
 Node State 150 : 	 5 9 13 14 0 1 6 10 2 7 11 15 3 4 8 12 
 Node State 151 : 	 5 9 13 14 1 7 6 10 2 0 11 15 3 4 8 12 
 Node State 152 : 	 5 0 13 14 1 9 6 10 2 7 11 15 3 4 8 12 
 Node State 153 : 	 5 9 13 14 1 6 11 10 2 0 7 15 3 4 8 12 
 Node State 154 : 	 5 9 13 14 1 6 11 10 2 7 15 0 3 4 8 12 
 Node State 155 : 	 5 9 13 14 1 6 11 10 2 7 8 15 3 4 0 12 
 Node State 156 : 	 5 0 9 14 1 6 13 10 2 7 11 15 3 4 8 12 
 Node State 157 : 	 5 9 14 0 1 6 13 10 2 7 11 15 3 4 8 12 
 Node State 158 : 	 5 9 13 14 1 6 10 15 2 0 7 11 3 4 8 12 
 Node State 159 : 	 5 9 13 14 1 6 10 15 2 7 8 11 3 4 0 12 
 Node State 160 : 	 5 9 13 14 1 6 0 15 2 7 10 11 3 4 8 12 
 Node State 161 : 	 5 9 13 14 1 6 10 15 2 7 11 12 3 4 0 8 
 Node State 162 : 	 5 9 10 13 2 1 6 14 7 0 11 15 3 4 8 12 
 Node State 163 : 	 5 9 10 13 2 1 6 14 3 7 11 15 0 4 8 12 
 Node State 164 : 	 9 0 10 13 5 1 6 14 2 7 11 15 3 4 8 12 
 Node State 165 : 	 5 9 10 13 1 7 6 14 3 2 11 15 0 4 8 12 
 Node State 166 : 	 5 9 10 13 0 7 6 14 1 2 11 15 3 4 8 12 
 Node State 167 : 	 5 9 10 13 1 7 6 14 2 11 15 0 3 4 8 12 
 Node State 168 : 	 5 9 10 13 1 7 6 14 2 11 8 15 3 4 0 12 
 Node State 169 : 	 5 9 10 13 1 7 0 14 2 11 6 15 3 4 8 12 
 Node State 170 : 	 5 9 10 13 1 7 6 14 2 4 11 15 0 3 8 12 
 Node State 171 : 	 5 9 10 13 1 7 6 14 2 4 11 15 3 8 0 12 
 Node State 172 : 	 1 5 10 13 0 9 6 14 2 7 11 15 3 4 8 12 
 Node State 173 : 	 5 10 13 0 1 9 6 14 2 7 11 15 3 4 8 12 
 Node State 174 : 	 5 10 6 13 1 9 0 14 2 7 11 15 3 4 8 12 
 Node State 175 : 	 5 9 10 13 1 6 14 15 2 0 7 11 3 4 8 12 
 Node State 176 : 	 5 9 10 13 1 6 14 15 2 7 8 11 3 4 0 12 
 Node State 177 : 	 5 9 10 13 1 6 0 15 2 7 14 11 3 4 8 12 
 Node State 178 : 	 5 9 10 13 1 6 14 15 2 7 11 12 3 4 0 8 
 Node State 179 : 	 5 0 9 10 1 6 14 13 2 7 11 15 3 4 8 12 
 Node State 180 : 	 5 9 14 10 1 6 0 13 2 7 11 15 3 4 8 12 
 Node State 181 : 	 5 9 10 13 1 6 11 14 3 2 7 15 0 4 8 12 
 Node State 182 : 	 5 9 10 13 0 6 11 14 1 2 7 15 3 4 8 12 
 Node State 183 : 	 5 9 10 13 1 6 11 14 2 4 7 15 0 3 8 12 
 Node State 184 : 	 5 9 10 13 1 6 11 14 2 4 7 15 3 8 0 12 
 Node State 185 : 	 5 9 10 13 0 1 11 14 2 6 7 15 3 4 8 12 
 Node State 186 : 	 5 9 10 13 1 11 0 14 2 6 7 15 3 4 8 12 
 Node State 187 : 	 5 0 10 13 1 9 11 14 2 6 7 15 3 4 8 12 
 Node State 188 : 	 5 9 10 13 1 6 11 14 2 7 15 12 3 4 0 8 
 Node State 189 : 	 5 9 10 13 1 6 0 11 2 7 15 14 3 4 8 12 
 Node State 190 : 	 5 9 10 0 1 6 11 13 2 7 15 14 3 4 8 12 
 Node State 191 : 	 5 9 10 13 1 6 11 14 2 7 8 15 0 3 4 12 
 Node State 192 : 	 5 9 10 13 1 6 11 14 2 0 8 15 3 7 4 12 
 Node State 193 : 	 5 9 10 13 1 6 11 14 2 7 8 0 3 4 12 15 
 Node State 194 : 	 5 6 9 13 2 1 10 14 7 11 15 0 3 4 8 12 
 Node State 195 : 	 5 6 9 13 2 1 10 14 7 11 8 15 3 4 0 12 
 Node State 196 : 	 5 6 9 13 2 1 0 14 7 11 10 15 3 4 8 12 
 Node State 197 : 	 5 6 9 13 2 1 10 14 7 4 11 15 0 3 8 12 
 Node State 198 : 	 5 6 9 13 2 1 10 14 7 4 11 15 3 8 0 12 
 Node State 199 : 	 5 6 9 13 0 2 10 14 7 1 11 15 3 4 8 12 
 Node State 200 : 	 5 6 9 13 2 10 0 14 7 1 11 15 3 4 8 12 
 Node State 201 : 	 5 0 9 13 2 6 10 14 7 1 11 15 3 4 8 12 
 Node State 202 : 	 5 6 9 13 2 1 10 14 3 7 11 15 4 8 0 12 
 Node State 203 : 	 5 6 9 13 2 1 10 14 3 0 11 15 4 7 8 12 
 Node State 204 : 	 6 9 13 0 5 1 10 14 2 7 11 15 3 4 8 12 
 Node State 205 : 	 6 9 10 13 5 1 0 14 2 7 11 15 3 4 8 12 
 Node State 206 : 	 6 1 9 13 5 10 0 14 2 7 11 15 3 4 8 12 
 Node State 207 : 	 6 1 9 13 5 7 10 14 2 0 11 15 3 4 8 12 
 Node State 208 : 	 5 6 9 13 1 10 14 15 2 0 7 11 3 4 8 12 
 Node State 209 : 	 5 6 9 13 1 10 14 15 2 7 8 11 3 4 0 12 
 Node State 210 : 	 5 6 9 13 1 10 0 15 2 7 14 11 3 4 8 12 
 Node State 211 : 	 5 6 9 13 1 10 14 15 2 7 11 12 3 4 0 8 
 Node State 212 : 	 5 0 6 9 1 10 14 13 2 7 11 15 3 4 8 12 
 Node State 213 : 	 5 6 14 9 1 10 0 13 2 7 11 15 3 4 8 12 
 Node State 214 : 	 5 6 9 13 1 10 11 14 3 2 7 15 0 4 8 12 
 Node State 215 : 	 5 6 9 13 0 10 11 14 1 2 7 15 3 4 8 12 
 Node State 216 : 	 5 6 9 13 1 10 11 14 2 4 7 15 0 3 8 12 
 Node State 217 : 	 5 6 9 13 1 10 11 14 2 4 7 15 3 8 0 12 
 Node State 218 : 	 5 6 9 13 0 1 11 14 2 10 7 15 3 4 8 12 
 Node State 219 : 	 5 6 9 13 1 11 0 14 2 10 7 15 3 4 8 12 
 Node State 220 : 	 5 0 9 13 1 6 11 14 2 10 7 15 3 4 8 12 
 Node State 221 : 	 5 6 9 13 1 10 11 14 2 7 15 12 3 4 0 8 
 Node State 222 : 	 5 6 9 13 1 10 0 11 2 7 15 14 3 4 8 12 
 Node State 223 : 	 5 6 9 0 1 10 11 13 2 7 15 14 3 4 8 12 
 Node State 224 : 	 5 6 9 13 1 10 11 14 2 7 8 15 0 3 4 12 
 Node State 225 : 	 5 6 9 13 1 10 11 14 2 0 8 15 3 7 4 12 
 Node State 226 : 	 5 6 9 13 1 10 11 14 2 7 8 0 3 4 12 15 
 Node State 227 : 	 1 5 6 13 0 10 9 14 2 7 11 15 3 4 8 12 
 Node State 228 : 	 5 10 6 13 0 1 9 14 2 7 11 15 3 4 8 12 
 Node State 229 : 	 5 10 6 13 1 7 9 14 2 0 11 15 3 4 8 12 
 Node State 230 : 	 5 6 13 14 1 10 0 9 2 7 11 15 3 4 8 12 
 Node State 231 : 	 5 6 13 14 1 10 9 15 2 7 11 0 3 4 8 12 
 Node State 232 : 	 5 6 9 13 1 7 10 14 3 2 11 15 4 8 0 12 
 Node State 233 : 	 5 6 9 13 1 7 10 14 3 0 11 15 4 2 8 12 
 Node State 234 : 	 5 6 9 13 7 10 0 14 1 2 11 15 3 4 8 12 
 Node State 235 : 	 5 6 9 13 7 2 10 14 1 0 11 15 3 4 8 12 
 Node State 236 : 	 5 0 9 13 7 6 10 14 1 2 11 15 3 4 8 12 
 Node State 237 : 	 6 0 9 13 5 7 10 14 1 2 11 15 3 4 8 12 
 Node State 238 : 	 5 6 9 13 1 7 10 14 2 11 15 12 3 4 0 8 
 Node State 239 : 	 5 6 9 13 1 7 0 10 2 11 15 14 3 4 8 12 
 Node State 240 : 	 5 6 9 0 1 7 10 13 2 11 15 14 3 4 8 12 
 Node State 241 : 	 5 6 9 13 1 7 10 14 2 11 8 15 0 3 4 12 
 Node State 242 : 	 5 6 9 13 1 7 10 14 2 0 8 15 3 11 4 12 
 Node State 243 : 	 5 6 9 13 1 7 10 14 2 11 8 0 3 4 12 15 
 Node State 244 : 	 5 6 9 13 0 1 7 14 2 11 10 15 3 4 8 12 
 Node State 245 : 	 5 6 9 13 1 11 7 14 2 0 10 15 3 4 8 12 
 Node State 246 : 	 5 0 9 13 1 6 7 14 2 11 10 15 3 4 8 12 
 Node State 247 : 	 5 6 9 13 1 7 14 15 2 11 10 0 3 4 8 12 
 Node State 248 : 	 5 6 9 0 1 7 14 13 2 11 10 15 3 4 8 12 
 Node State 249 : 	 5 0 6 13 1 7 9 14 2 11 10 15 3 4 8 12 
 Node State 250 : 	 5 6 13 0 1 7 9 14 2 11 10 15 3 4 8 12 
 Node State 251 : 	 5 6 9 13 1 7 10 14 4 0 11 15 2 3 8 12 
 Node State 252 : 	 5 6 9 13 0 7 10 14 1 4 11 15 2 3 8 12 
 Node State 253 : 	 5 6 9 13 1 7 10 14 2 4 11 0 3 8 12 15 
 Node State 254 : 	 5 6 9 13 1 7 10 14 2 0 4 15 3 8 11 12 
 Node State 255 : 	 5 6 9 13 1 7 10 14 2 4 15 0 3 8 11 12 
 Node State 256 : 	 5 6 9 13 1 7 0 14 2 4 10 15 3 8 11 12 
 Node State 257 : 	 1 5 9 13 6 10 14 15 2 7 0 11 3 4 8 12 
 Node State 258 : 	 1 5 9 13 6 10 14 15 2 7 11 12 3 4 8 0 
 Node State 259 : 	 1 5 0 9 6 10 14 13 2 7 11 15 3 4 8 12 
 Node State 260 : 	 1 5 9 13 6 10 11 14 0 2 7 15 3 4 8 12 
 Node State 261 : 	 1 5 9 13 6 10 11 14 2 4 7 15 3 0 8 12 
 Node State 262 : 	 1 5 9 13 6 0 11 14 2 10 7 15 3 4 8 12 
 Node State 263 : 	 1 5 9 13 6 10 11 14 2 7 15 12 3 4 8 0 
 Node State 264 : 	 1 5 9 13 6 10 11 0 2 7 15 14 3 4 8 12 
 Node State 265 : 	 1 5 9 13 6 10 11 14 2 7 8 15 3 0 4 12 
 Node State 266 : 	 1 5 9 13 6 10 11 14 2 7 8 15 3 4 12 0 
 Node State 267 : 	 0 1 5 13 6 10 9 14 2 7 11 15 3 4 8 12 
 Node State 268 : 	 1 10 5 13 6 0 9 14 2 7 11 15 3 4 8 12 
 Node State 269 : 	 1 5 13 14 6 10 9 0 2 7 11 15 3 4 8 12 
 Node State 270 : 	 1 5 9 13 6 7 10 14 3 2 11 15 4 0 8 12 
 Node State 271 : 	 1 5 9 13 7 0 10 14 6 2 11 15 3 4 8 12 
 Node State 272 : 	 0 5 9 13 1 7 10 14 6 2 11 15 3 4 8 12 
 Node State 273 : 	 1 5 9 13 6 7 10 14 2 11 15 12 3 4 8 0 
 Node State 274 : 	 1 5 9 13 6 7 10 0 2 11 15 14 3 4 8 12 
 Node State 275 : 	 1 5 9 13 6 7 10 14 2 11 8 15 3 0 4 12 
 Node State 276 : 	 1 5 9 13 6 7 10 14 2 11 8 15 3 4 12 0 
 Node State 277 : 	 1 5 9 13 6 0 7 14 2 11 10 15 3 4 8 12 
 Node State 278 : 	 1 5 9 13 6 7 14 0 2 11 10 15 3 4 8 12 
 Node State 279 : 	 1 5 0 13 6 7 9 14 2 11 10 15 3 4 8 12 
 Node State 280 : 	 1 5 9 13 6 7 10 14 0 4 11 15 2 3 8 12 
 Node State 281 : 	 1 5 9 13 6 7 10 14 2 4 11 15 3 8 12 0 
 Node State 282 : 	 1 5 9 13 6 7 10 14 2 4 0 15 3 8 11 12 
 Node State 283 : 	 6 1 9 13 2 5 10 14 0 7 11 15 3 4 8 12 
 Node State 284 : 	 1 9 13 14 6 5 10 0 2 7 11 15 3 4 8 12 
 Node State 285 : 	 1 9 10 13 6 0 5 14 2 7 11 15 3 4 8 12 
 Node State 286 : 	 1 9 10 13 6 5 14 0 2 7 11 15 3 4 8 12 
 Node State 287 : 	 1 9 10 13 6 5 11 14 2 7 0 15 3 4 8 12 
 Node State 288 : 	 1 5 9 13 2 6 10 14 7 11 15 12 3 4 8 0 
 Node State 289 : 	 1 5 9 13 2 6 10 0 7 11 15 14 3 4 8 12 
 Node State 290 : 	 1 5 9 13 2 6 10 14 7 11 8 15 3 0 4 12 
 Node State 291 : 	 1 5 9 13 2 6 10 14 7 11 8 15 3 4 12 0 
 Node State 292 : 	 1 5 9 13 2 0 6 14 7 11 10 15 3 4 8 12 
 Node State 293 : 	 1 5 9 13 2 6 14 0 7 11 10 15 3 4 8 12 
 Node State 294 : 	 1 5 0 13 2 6 9 14 7 11 10 15 3 4 8 12 
 Node State 295 : 	 1 5 9 13 2 6 10 14 0 4 11 15 7 3 8 12 
 Node State 296 : 	 1 5 9 13 2 6 10 14 7 4 11 15 3 8 12 0 
 Node State 297 : 	 1 5 9 13 2 6 10 14 7 4 0 15 3 8 11 12 
 Node State 298 : 	 1 5 9 13 7 2 10 14 0 6 11 15 3 4 8 12 
 Node State 299 : 	 0 5 9 13 1 2 10 14 7 6 11 15 3 4 8 12 
 Node State 300 : 	 1 5 9 13 2 10 14 0 7 6 11 15 3 4 8 12 
 Node State 301 : 	 1 5 9 13 2 10 11 14 7 6 0 15 3 4 8 12 
 Node State 302 : 	 1 5 0 13 2 10 9 14 7 6 11 15 3 4 8 12 
 Node State 303 : 	 0 1 9 13 2 5 10 14 7 6 11 15 3 4 8 12 
 Node State 304 : 	 1 9 0 13 2 5 10 14 7 6 11 15 3 4 8 12 
 Node State 305 : 	 1 5 9 13 2 6 10 14 3 7 11 15 4 8 12 0 
 Node State 306 : 	 1 5 9 13 2 6 10 14 3 7 0 15 4 8 11 12 
 Node State 307 : 	 1 5 9 13 2 6 10 14 0 3 11 15 4 7 8 12 
 Node State 308 : 	 1 5 9 13 2 6 10 14 3 11 0 15 4 7 8 12 
 Node State 309 : 	 1 5 9 13 2 0 10 14 3 6 11 15 4 7 8 12 
 Node State 310 : 	 5 9 13 14 2 1 6 10 0 7 11 15 3 4 8 12 
 Node State 311 : 	 0 9 13 14 5 1 6 10 2 7 11 15 3 4 8 12 
 Node State 312 : 	 5 9 13 14 1 7 6 10 0 2 11 15 3 4 8 12 
 Node State 313 : 	 5 9 13 14 1 7 6 10 2 11 0 15 3 4 8 12 
 Node State 314 : 	 5 9 13 14 1 7 6 10 2 4 11 15 3 0 8 12 
 Node State 315 : 	 0 5 13 14 1 9 6 10 2 7 11 15 3 4 8 12 
 Node State 316 : 	 5 13 0 14 1 9 6 10 2 7 11 15 3 4 8 12 
 Node State 317 : 	 5 9 13 14 1 6 11 10 0 2 7 15 3 4 8 12 
 Node State 318 : 	 5 9 13 14 1 6 11 10 2 4 7 15 3 0 8 12 
 Node State 319 : 	 5 9 13 14 1 0 11 10 2 6 7 15 3 4 8 12 
 Node State 320 : 	 5 9 13 14 1 6 11 10 2 7 15 12 3 4 8 0 
 Node State 321 : 	 5 9 13 14 1 6 11 0 2 7 15 10 3 4 8 12 
 Node State 322 : 	 5 9 13 14 1 6 11 10 2 7 8 15 3 0 4 12 
 Node State 323 : 	 5 9 13 14 1 6 11 10 2 7 8 15 3 4 12 0 
 Node State 324 : 	 0 5 9 14 1 6 13 10 2 7 11 15 3 4 8 12 
 Node State 325 : 	 5 6 9 14 1 0 13 10 2 7 11 15 3 4 8 12 
 Node State 326 : 	 5 9 14 10 1 6 13 0 2 7 11 15 3 4 8 12 
 Node State 327 : 	 5 9 13 14 1 6 10 15 0 2 7 11 3 4 8 12 
 Node State 328 : 	 5 9 13 14 1 6 10 15 2 4 7 11 3 0 8 12 
 Node State 329 : 	 5 9 13 14 1 0 10 15 2 6 7 11 3 4 8 12 
 Node State 330 : 	 5 9 13 14 1 6 10 15 2 7 8 11 3 0 4 12 
 Node State 331 : 	 5 9 13 14 1 6 10 15 2 7 8 11 3 4 12 0 
 Node State 332 : 	 5 9 13 14 1 0 6 15 2 7 10 11 3 4 8 12 
 Node State 333 : 	 5 9 13 14 1 6 15 0 2 7 10 11 3 4 8 12 
 Node State 334 : 	 5 9 0 14 1 6 13 15 2 7 10 11 3 4 8 12 
 Node State 335 : 	 5 9 13 14 1 6 10 15 2 7 11 12 3 0 4 8 
 Node State 336 : 	 5 9 13 14 1 6 10 15 2 7 0 12 3 4 11 8 
 Node State 337 : 	 5 9 10 13 2 1 6 14 7 11 0 15 3 4 8 12 
 Node State 338 : 	 5 9 10 13 2 1 6 14 7 4 11 15 3 0 8 12 
 Node State 339 : 	 5 9 10 13 2 0 6 14 7 1 11 15 3 4 8 12 
 Node State 340 : 	 5 9 10 13 2 1 6 14 3 7 11 15 4 0 8 12 
 Node State 341 : 	 9 10 0 13 5 1 6 14 2 7 11 15 3 4 8 12 
 Node State 342 : 	 9 1 10 13 5 0 6 14 2 7 11 15 3 4 8 12 
 Node State 343 : 	 5 9 10 13 1 7 6 14 3 2 11 15 4 0 8 12 
 Node State 344 : 	 5 9 10 13 7 0 6 14 1 2 11 15 3 4 8 12 
 Node State 345 : 	 0 9 10 13 5 7 6 14 1 2 11 15 3 4 8 12 
 Node State 346 : 	 5 9 10 13 1 7 6 14 2 11 15 12 3 4 8 0 
 Node State 347 : 	 5 9 10 13 1 7 6 0 2 11 15 14 3 4 8 12 
 Node State 348 : 	 5 9 10 13 1 7 6 14 2 11 8 15 3 0 4 12 
 Node State 349 : 	 5 9 10 13 1 7 6 14 2 11 8 15 3 4 12 0 
 Node State 350 : 	 5 9 10 13 1 0 7 14 2 11 6 15 3 4 8 12 
 Node State 351 : 	 5 9 10 13 1 7 14 0 2 11 6 15 3 4 8 12 
 Node State 352 : 	 5 9 0 13 1 7 10 14 2 11 6 15 3 4 8 12 
 Node State 353 : 	 5 9 10 13 1 7 6 14 0 4 11 15 2 3 8 12 
 Node State 354 : 	 5 9 10 13 1 7 6 14 2 4 11 15 3 8 12 0 
 Node State 355 : 	 5 9 10 13 1 7 6 14 2 4 0 15 3 8 11 12 
 Node State 356 : 	 1 5 10 13 9 0 6 14 2 7 11 15 3 4 8 12 
 Node State 357 : 	 1 5 10 13 2 9 6 14 0 7 11 15 3 4 8 12 
 Node State 358 : 	 5 10 13 14 1 9 6 0 2 7 11 15 3 4 8 12 
 Node State 359 : 	 5 10 6 13 1 9 14 0 2 7 11 15 3 4 8 12 
 Node State 360 : 	 5 10 6 13 1 9 11 14 2 7 0 15 3 4 8 12 
 Node State 361 : 	 5 9 10 13 1 6 14 15 0 2 7 11 3 4 8 12 
 Node State 362 : 	 5 9 10 13 1 6 14 15 2 4 7 11 3 0 8 12 
 Node State 363 : 	 5 9 10 13 1 0 14 15 2 6 7 11 3 4 8 12 
 Node State 364 : 	 5 9 10 13 1 6 14 15 2 7 8 11 3 0 4 12 
 Node State 365 : 	 5 9 10 13 1 6 14 15 2 7 8 11 3 4 12 0 
 Node State 366 : 	 5 9 10 13 1 0 6 15 2 7 14 11 3 4 8 12 
 Node State 367 : 	 5 9 10 13 1 6 15 0 2 7 14 11 3 4 8 12 
 Node State 368 : 	 5 9 0 13 1 6 10 15 2 7 14 11 3 4 8 12 
 Node State 369 : 	 5 9 10 13 1 6 14 15 2 7 11 12 3 0 4 8 
 Node State 370 : 	 5 9 10 13 1 6 14 15 2 7 0 12 3 4 11 8 
 Node State 371 : 	 0 5 9 10 1 6 14 13 2 7 11 15 3 4 8 12 
 Node State 372 : 	 5 6 9 10 1 0 14 13 2 7 11 15 3 4 8 12 
 Node State 373 : 	 5 9 14 10 1 0 6 13 2 7 11 15 3 4 8 12 
 Node State 374 : 	 5 9 14 10 1 6 11 13 2 7 0 15 3 4 8 12 
 Node State 375 : 	 5 9 10 13 1 6 11 14 3 2 7 15 4 0 8 12 
 Node State 376 : 	 5 9 10 13 6 0 11 14 1 2 7 15 3 4 8 12 
 Node State 377 : 	 0 9 10 13 5 6 11 14 1 2 7 15 3 4 8 12 
 Node State 378 : 	 5 9 10 13 1 6 11 14 0 4 7 15 2 3 8 12 
 Node State 379 : 	 5 9 10 13 1 6 11 14 2 4 7 15 3 8 12 0 
 Node State 380 : 	 5 9 10 13 1 6 11 14 2 4 0 15 3 8 7 12 
 Node State 381 : 	 5 9 10 13 2 1 11 14 0 6 7 15 3 4 8 12 
 Node State 382 : 	 0 9 10 13 5 1 11 14 2 6 7 15 3 4 8 12 
 Node State 383 : 	 5 9 10 13 1 11 14 0 2 6 7 15 3 4 8 12 
 Node State 384 : 	 5 9 10 13 1 11 7 14 2 6 0 15 3 4 8 12 
 Node State 385 : 	 5 9 0 13 1 11 10 14 2 6 7 15 3 4 8 12 
 Node State 386 : 	 0 5 10 13 1 9 11 14 2 6 7 15 3 4 8 12 
 Node State 387 : 	 5 10 0 13 1 9 11 14 2 6 7 15 3 4 8 12 
 Node State 388 : 	 5 9 10 13 1 6 11 14 2 7 15 12 3 0 4 8 
 Node State 389 : 	 5 9 10 13 1 6 11 14 2 7 0 12 3 4 15 8 
 Node State 390 : 	 5 9 10 13 1 0 6 11 2 7 15 14 3 4 8 12 
 Node State 391 : 	 5 9 10 13 1 6 15 11 2 7 0 14 3 4 8 12 
 Node State 392 : 	 5 9 0 13 1 6 10 11 2 7 15 14 3 4 8 12 
 Node State 393 : 	 5 9 0 10 1 6 11 13 2 7 15 14 3 4 8 12 
 Node State 394 : 	 5 9 10 13 1 6 11 14 0 7 8 15 2 3 4 12 
 Node State 395 : 	 5 9 10 13 1 6 11 14 0 2 8 15 3 7 4 12 
 Node State 396 : 	 5 9 10 13 1 6 11 14 2 8 0 15 3 7 4 12 
 Node State 397 : 	 5 9 10 13 1 0 11 14 2 6 8 15 3 7 4 12 
 Node State 398 : 	 5 9 10 13 1 6 11 14 2 7 0 8 3 4 12 15 
 Node State 399 : 	 5 9 10 13 1 6 11 0 2 7 8 14 3 4 12 15 
 Node State 400 : 	 5 6 9 13 2 1 10 14 7 11 15 12 3 4 8 0 
 Node State 401 : 	 5 6 9 13 2 1 10 0 7 11 15 14 3 4 8 12 
 Node State 402 : 	 5 6 9 13 2 1 10 14 7 11 8 15 3 0 4 12 
 Node State 403 : 	 5 6 9 13 2 1 10 14 7 11 8 15 3 4 12 0 
 Node State 404 : 	 5 6 9 13 2 0 1 14 7 11 10 15 3 4 8 12 
 Node State 405 : 	 5 6 9 13 2 1 14 0 7 11 10 15 3 4 8 12 
 Node State 406 : 	 5 6 0 13 2 1 9 14 7 11 10 15 3 4 8 12 
 Node State 407 : 	 5 6 9 13 2 1 10 14 0 4 11 15 7 3 8 12 
 Node State 408 : 	 5 6 9 13 2 1 10 14 7 4 11 15 3 8 12 0 
 Node State 409 : 	 5 6 9 13 2 1 10 14 7 4 0 15 3 8 11 12 
 Node State 410 : 	 5 6 9 13 7 2 10 14 0 1 11 15 3 4 8 12 
 Node State 411 : 	 0 6 9 13 5 2 10 14 7 1 11 15 3 4 8 12 
 Node State 412 : 	 5 6 9 13 2 10 14 0 7 1 11 15 3 4 8 12 
 Node State 413 : 	 5 6 9 13 2 10 11 14 7 1 0 15 3 4 8 12 
 Node State 414 : 	 5 6 0 13 2 10 9 14 7 1 11 15 3 4 8 12 
 Node State 415 : 	 0 5 9 13 2 6 10 14 7 1 11 15 3 4 8 12 
 Node State 416 : 	 5 9 0 13 2 6 10 14 7 1 11 15 3 4 8 12 
 Node State 417 : 	 5 6 9 13 2 1 10 14 3 7 11 15 4 8 12 0 
 Node State 418 : 	 5 6 9 13 2 1 10 14 3 7 0 15 4 8 11 12 
 Node State 419 : 	 5 6 9 13 2 1 10 14 0 3 11 15 4 7 8 12 
 Node State 420 : 	 5 6 9 13 2 1 10 14 3 11 0 15 4 7 8 12 
 Node State 421 : 	 5 6 9 13 2 0 10 14 3 1 11 15 4 7 8 12 
 Node State 422 : 	 6 9 13 14 5 1 10 0 2 7 11 15 3 4 8 12 
 Node State 423 : 	 6 9 10 13 5 0 1 14 2 7 11 15 3 4 8 12 
 Node State 424 : 	 6 9 10 13 5 1 14 0 2 7 11 15 3 4 8 12 
 Node State 425 : 	 6 9 10 13 5 1 11 14 2 7 0 15 3 4 8 12 
 Node State 426 : 	 6 1 9 13 5 10 14 0 2 7 11 15 3 4 8 12 
 Node State 427 : 	 6 1 9 13 5 10 11 14 2 7 0 15 3 4 8 12 
 Node State 428 : 	 6 1 0 13 5 10 9 14 2 7 11 15 3 4 8 12 
 Node State 429 : 	 6 1 9 13 5 7 10 14 0 2 11 15 3 4 8 12 
 Node State 430 : 	 6 1 9 13 5 7 10 14 2 11 0 15 3 4 8 12 
 Node State 431 : 	 6 1 9 13 5 7 10 14 2 4 11 15 3 0 8 12 
 Node State 432 : 	 5 6 9 13 1 10 14 15 0 2 7 11 3 4 8 12 
 Node State 433 : 	 5 6 9 13 1 10 14 15 2 4 7 11 3 0 8 12 
 Node State 434 : 	 5 6 9 13 1 0 14 15 2 10 7 11 3 4 8 12 
 Node State 435 : 	 5 6 9 13 1 10 14 15 2 7 8 11 3 0 4 12 
 Node State 436 : 	 5 6 9 13 1 10 14 15 2 7 8 11 3 4 12 0 
 Node State 437 : 	 5 6 9 13 1 0 10 15 2 7 14 11 3 4 8 12 
 Node State 438 : 	 5 6 9 13 1 10 15 0 2 7 14 11 3 4 8 12 
 Node State 439 : 	 5 6 0 13 1 10 9 15 2 7 14 11 3 4 8 12 
 Node State 440 : 	 5 6 9 13 1 10 14 15 2 7 11 12 3 0 4 8 
 Node State 441 : 	 5 6 9 13 1 10 14 15 2 7 0 12 3 4 11 8 
 Node State 442 : 	 0 5 6 9 1 10 14 13 2 7 11 15 3 4 8 12 
 Node State 443 : 	 5 10 6 9 1 0 14 13 2 7 11 15 3 4 8 12 
 Node State 444 : 	 5 6 14 9 1 0 10 13 2 7 11 15 3 4 8 12 
 Node State 445 : 	 5 6 14 9 1 10 13 0 2 7 11 15 3 4 8 12 
 Node State 446 : 	 5 6 14 9 1 10 11 13 2 7 0 15 3 4 8 12 
 Node State 447 : 	 5 6 9 13 1 10 11 14 3 2 7 15 4 0 8 12 
 Node State 448 : 	 5 6 9 13 10 0 11 14 1 2 7 15 3 4 8 12 
 Node State 449 : 	 0 6 9 13 5 10 11 14 1 2 7 15 3 4 8 12 
 Node State 450 : 	 5 6 9 13 1 10 11 14 0 4 7 15 2 3 8 12 
 Node State 451 : 	 5 6 9 13 1 10 11 14 2 4 7 15 3 8 12 0 
 Node State 452 : 	 5 6 9 13 1 10 11 14 2 4 0 15 3 8 7 12 
 Node State 453 : 	 5 6 9 13 2 1 11 14 0 10 7 15 3 4 8 12 
 Node State 454 : 	 0 6 9 13 5 1 11 14 2 10 7 15 3 4 8 12 
 Node State 455 : 	 5 6 9 13 1 11 14 0 2 10 7 15 3 4 8 12 
 Node State 456 : 	 5 6 9 13 1 11 7 14 2 10 0 15 3 4 8 12 
 Node State 457 : 	 5 6 0 13 1 11 9 14 2 10 7 15 3 4 8 12 
 Node State 458 : 	 0 5 9 13 1 6 11 14 2 10 7 15 3 4 8 12 
 Node State 459 : 	 5 9 0 13 1 6 11 14 2 10 7 15 3 4 8 12 
 Node State 460 : 	 5 6 9 13 1 10 11 14 2 7 15 12 3 0 4 8 
 Node State 461 : 	 5 6 9 13 1 10 11 14 2 7 0 12 3 4 15 8 
 Node State 462 : 	 5 6 9 13 1 0 10 11 2 7 15 14 3 4 8 12 
 Node State 463 : 	 5 6 9 13 1 10 15 11 2 7 0 14 3 4 8 12 
 Node State 464 : 	 5 6 0 13 1 10 9 11 2 7 15 14 3 4 8 12 
 Node State 465 : 	 5 6 0 9 1 10 11 13 2 7 15 14 3 4 8 12 
 Node State 466 : 	 5 6 9 13 1 10 11 14 0 7 8 15 2 3 4 12 
 Node State 467 : 	 5 6 9 13 1 10 11 14 0 2 8 15 3 7 4 12 
 Node State 468 : 	 5 6 9 13 1 10 11 14 2 8 0 15 3 7 4 12 
 Node State 469 : 	 5 6 9 13 1 0 11 14 2 10 8 15 3 7 4 12 
 Node State 470 : 	 5 6 9 13 1 10 11 14 2 7 0 8 3 4 12 15 
 Node State 471 : 	 5 6 9 13 1 10 11 0 2 7 8 14 3 4 12 15 
 Node State 472 : 	 1 5 6 13 10 0 9 14 2 7 11 15 3 4 8 12 
 Node State 473 : 	 1 5 6 13 2 10 9 14 0 7 11 15 3 4 8 12 
 Node State 474 : 	 5 10 6 13 2 1 9 14 0 7 11 15 3 4 8 12 
 Node State 475 : 	 0 10 6 13 5 1 9 14 2 7 11 15 3 4 8 12 
 Node State 476 : 	 5 10 6 13 1 7 9 14 0 2 11 15 3 4 8 12 
 Node State 477 : 	 5 10 6 13 1 7 9 14 2 11 0 15 3 4 8 12 
 Node State 478 : 	 5 10 6 13 1 7 9 14 2 4 11 15 3 0 8 12 
 Node State 479 : 	 5 6 13 14 1 0 10 9 2 7 11 15 3 4 8 12 
 Node State 480 : 	 5 6 13 14 1 10 11 9 2 7 0 15 3 4 8 12 
 Node State 481 : 	 5 6 0 14 1 10 13 9 2 7 11 15 3 4 8 12 
 Node State 482 : 	 5 6 13 14 1 10 9 15 2 7 0 11 3 4 8 12 
 Node State 483 : 	 5 6 13 14 1 10 9 15 2 7 11 12 3 4 8 0 
 Node State 484 : 	 5 6 9 13 1 7 10 14 3 2 11 15 4 8 12 0 
 Node State 485 : 	 5 6 9 13 1 7 10 14 3 2 0 15 4 8 11 12 
 Node State 486 : 	 5 6 9 13 1 7 10 14 0 3 11 15 4 2 8 12 
 Node State 487 : 	 5 6 9 13 1 7 10 14 3 11 0 15 4 2 8 12 
 Node State 488 : 	 5 6 9 13 1 0 10 14 3 7 11 15 4 2 8 12 
 Node State 489 : 	 5 6 9 13 7 10 14 0 1 2 11 15 3 4 8 12 
 Node State 490 : 	 5 6 9 13 7 10 11 14 1 2 0 15 3 4 8 12 
 Node State 491 : 	 5 6 0 13 7 10 9 14 1 2 11 15 3 4 8 12 
 Node State 492 : 	 5 6 9 13 7 2 10 14 1 11 0 15 3 4 8 12 
 Node State 493 : 	 5 6 9 13 7 2 10 14 1 4 11 15 3 0 8 12 
 Node State 494 : 	 0 5 9 13 7 6 10 14 1 2 11 15 3 4 8 12 
 Node State 495 : 	 5 9 0 13 7 6 10 14 1 2 11 15 3 4 8 12 
 Node State 496 : 	 6 9 0 13 5 7 10 14 1 2 11 15 3 4 8 12 
 Node State 497 : 	 6 7 9 13 5 0 10 14 1 2 11 15 3 4 8 12 
 Node State 498 : 	 5 6 9 13 1 7 10 14 2 11 15 12 3 0 4 8 
 Node State 499 : 	 5 6 9 13 1 7 10 14 2 11 0 12 3 4 15 8 
 Node State 500 : 	 5 6 9 13 1 0 7 10 2 11 15 14 3 4 8 12 
 Node State 501 : 	 5 6 9 13 1 7 15 10 2 11 0 14 3 4 8 12 
 Node State 502 : 	 5 6 0 13 1 7 9 10 2 11 15 14 3 4 8 12 
 Node State 503 : 	 5 6 0 9 1 7 10 13 2 11 15 14 3 4 8 12 
 Node State 504 : 	 5 6 9 13 1 7 10 14 0 11 8 15 2 3 4 12 
 Node State 505 : 	 5 6 9 13 1 7 10 14 0 2 8 15 3 11 4 12 
 Node State 506 : 	 5 6 9 13 1 7 10 14 2 8 0 15 3 11 4 12 
 Node State 507 : 	 5 6 9 13 1 0 10 14 2 7 8 15 3 11 4 12 
 Node State 508 : 	 5 6 9 13 1 7 10 14 2 11 0 8 3 4 12 15 
 Node State 509 : 	 5 6 9 13 1 7 10 0 2 11 8 14 3 4 12 15 
 Node State 510 : 	 5 6 9 13 2 1 7 14 0 11 10 15 3 4 8 12 
 Node State 511 : 	 0 6 9 13 5 1 7 14 2 11 10 15 3 4 8 12 
 Node State 512 : 	 5 6 9 13 1 11 7 14 0 2 10 15 3 4 8 12 
 Node State 513 : 	 5 6 9 13 1 11 7 14 2 4 10 15 3 0 8 12 
 Node State 514 : 	 0 5 9 13 1 6 7 14 2 11 10 15 3 4 8 12 
 Node State 515 : 	 5 9 0 13 1 6 7 14 2 11 10 15 3 4 8 12 
 Node State 516 : 	 5 6 9 13 1 7 14 15 2 11 0 10 3 4 8 12 
 Node State 517 : 	 5 6 9 13 1 7 14 15 2 11 10 12 3 4 8 0 
 Node State 518 : 	 5 6 0 9 1 7 14 13 2 11 10 15 3 4 8 12 
 Node State 519 : 	 0 5 6 13 1 7 9 14 2 11 10 15 3 4 8 12 
 Node State 520 : 	 5 7 6 13 1 0 9 14 2 11 10 15 3 4 8 12 
 Node State 521 : 	 5 6 13 14 1 7 9 0 2 11 10 15 3 4 8 12 
 Node State 522 : 	 5 6 9 13 1 7 10 14 4 11 0 15 2 3 8 12 
 Node State 523 : 	 5 6 9 13 1 7 10 14 4 3 11 15 2 0 8 12 
 Node State 524 : 	 5 6 9 13 1 0 10 14 4 7 11 15 2 3 8 12 
 Node State 525 : 	 5 6 9 13 7 0 10 14 1 4 11 15 2 3 8 12 
 Node State 526 : 	 0 6 9 13 5 7 10 14 1 4 11 15 2 3 8 12 
 Node State 527 : 	 5 6 9 13 1 7 10 14 2 4 0 11 3 8 12 15 
 Node State 528 : 	 5 6 9 13 1 7 10 0 2 4 11 14 3 8 12 15 
 Node State 529 : 	 5 6 9 13 1 7 10 14 0 2 4 15 3 8 11 12 
 Node State 530 : 	 5 6 9 13 1 7 10 14 2 8 4 15 3 0 11 12 
 Node State 531 : 	 5 6 9 13 1 0 10 14 2 7 4 15 3 8 11 12 
 Node State 532 : 	 5 6 9 13 1 7 10 14 2 4 15 12 3 8 11 0 
 Node State 533 : 	 5 6 9 13 1 7 10 0 2 4 15 14 3 8 11 12 
 Node State 534 : 	 5 6 9 13 1 0 7 14 2 4 10 15 3 8 11 12 
 Node State 535 : 	 5 6 9 13 1 7 14 0 2 4 10 15 3 8 11 12 
 Node State 536 : 	 5 6 0 13 1 7 9 14 2 4 10 15 3 8 11 12 
 Node State 537 : 	 1 5 9 13 6 10 14 15 2 0 7 11 3 4 8 12 
 Node State 538 : 	 1 5 9 13 6 10 14 15 2 7 8 11 3 4 0 12 
 Node State 539 : 	 1 5 9 13 6 10 0 15 2 7 14 11 3 4 8 12 
 Node State 540 : 	 1 5 9 13 6 10 14 15 2 7 11 12 3 4 0 8 
 Node State 541 : 	 1 0 5 9 6 10 14 13 2 7 11 15 3 4 8 12 
 Node State 542 : 	 1 5 14 9 6 10 0 13 2 7 11 15 3 4 8 12 
 Node State 543 : 	 1 5 9 13 6 10 11 14 3 2 7 15 0 4 8 12 
 Node State 544 : 	 1 5 9 13 0 10 11 14 6 2 7 15 3 4 8 12 
 Node State 545 : 	 1 5 9 13 6 10 11 14 2 4 7 15 0 3 8 12 
 Node State 546 : 	 1 5 9 13 6 10 11 14 2 4 7 15 3 8 0 12 
 Node State 547 : 	 1 5 9 13 0 6 11 14 2 10 7 15 3 4 8 12 
 Node State 548 : 	 1 5 9 13 6 11 0 14 2 10 7 15 3 4 8 12 
 Node State 549 : 	 1 0 9 13 6 5 11 14 2 10 7 15 3 4 8 12 
 Node State 550 : 	 1 5 9 13 6 10 11 14 2 7 15 12 3 4 0 8 
 Node State 551 : 	 1 5 9 13 6 10 0 11 2 7 15 14 3 4 8 12 
 Node State 552 : 	 1 5 9 0 6 10 11 13 2 7 15 14 3 4 8 12 
 Node State 553 : 	 1 5 9 13 6 10 11 14 2 7 8 15 0 3 4 12 
 Node State 554 : 	 1 5 9 13 6 10 11 14 2 0 8 15 3 7 4 12 
 Node State 555 : 	 1 5 9 13 6 10 11 14 2 7 8 0 3 4 12 15 
 Node State 556 : 	 6 1 5 13 0 10 9 14 2 7 11 15 3 4 8 12 
 Node State 557 : 	 1 10 5 13 0 6 9 14 2 7 11 15 3 4 8 12 
 Node State 558 : 	 1 10 5 13 6 9 0 14 2 7 11 15 3 4 8 12 
 Node State 559 : 	 1 10 5 13 6 7 9 14 2 0 11 15 3 4 8 12 
 Node State 560 : 	 1 5 13 14 6 10 0 9 2 7 11 15 3 4 8 12 
 Node State 561 : 	 1 5 13 14 6 10 9 15 2 7 11 0 3 4 8 12 
 Node State 562 : 	 1 5 9 13 6 7 10 14 3 2 11 15 4 8 0 12 
 Node State 563 : 	 1 5 9 13 6 7 10 14 3 0 11 15 4 2 8 12 
 Node State 564 : 	 1 5 9 13 7 10 0 14 6 2 11 15 3 4 8 12 
 Node State 565 : 	 1 5 9 13 7 2 10 14 6 0 11 15 3 4 8 12 
 Node State 566 : 	 1 0 9 13 7 5 10 14 6 2 11 15 3 4 8 12 
 Node State 567 : 	 5 0 9 13 1 7 10 14 6 2 11 15 3 4 8 12 
 Node State 568 : 	 1 5 9 13 6 7 10 14 2 11 15 12 3 4 0 8 
 Node State 569 : 	 1 5 9 13 6 7 0 10 2 11 15 14 3 4 8 12 
 Node State 570 : 	 1 5 9 0 6 7 10 13 2 11 15 14 3 4 8 12 
 Node State 571 : 	 1 5 9 13 6 7 10 14 2 11 8 15 0 3 4 12 
 Node State 572 : 	 1 5 9 13 6 7 10 14 2 0 8 15 3 11 4 12 
 Node State 573 : 	 1 5 9 13 6 7 10 14 2 11 8 0 3 4 12 15 
 Node State 574 : 	 1 5 9 13 0 6 7 14 2 11 10 15 3 4 8 12 
 Node State 575 : 	 1 5 9 13 6 11 7 14 2 0 10 15 3 4 8 12 
 Node State 576 : 	 1 0 9 13 6 5 7 14 2 11 10 15 3 4 8 12 
 Node State 577 : 	 1 5 9 13 6 7 14 15 2 11 10 0 3 4 8 12 
 Node State 578 : 	 1 5 9 0 6 7 14 13 2 11 10 15 3 4 8 12 
 Node State 579 : 	 1 0 5 13 6 7 9 14 2 11 10 15 3 4 8 12 
 Node State 580 : 	 1 5 13 0 6 7 9 14 2 11 10 15 3 4 8 12 
 Node State 581 : 	 1 5 9 13 6 7 10 14 4 0 11 15 2 3 8 12 
 Node State 582 : 	 1 5 9 13 0 7 10 14 6 4 11 15 2 3 8 12 
 Node State 583 : 	 1 5 9 13 6 7 10 14 2 4 11 0 3 8 12 15 
 Node State 584 : 	 1 5 9 13 6 7 10 14 2 0 4 15 3 8 11 12 
 Node State 585 : 	 1 5 9 13 6 7 10 14 2 4 15 0 3 8 11 12 
 Node State 586 : 	 1 5 9 13 6 7 0 14 2 4 10 15 3 8 11 12 
 Node State 587 : 	 6 1 9 13 2 5 10 14 7 0 11 15 3 4 8 12 
 Node State 588 : 	 6 1 9 13 2 5 10 14 3 7 11 15 0 4 8 12 
 Node State 589 : 	 1 9 13 14 6 5 0 10 2 7 11 15 3 4 8 12 
 Node State 590 : 	 1 9 13 14 6 5 10 15 2 7 11 0 3 4 8 12 
 Node State 591 : 	 1 9 10 13 0 6 5 14 2 7 11 15 3 4 8 12 
 Node State 592 : 	 1 9 10 13 6 7 5 14 2 0 11 15 3 4 8 12 
 Node State 593 : 	 1 0 10 13 6 9 5 14 2 7 11 15 3 4 8 12 
 Node State 594 : 	 1 9 10 13 6 5 14 15 2 7 11 0 3 4 8 12 
 Node State 595 : 	 1 9 10 0 6 5 14 13 2 7 11 15 3 4 8 12 
 Node State 596 : 	 1 9 10 13 6 5 11 14 2 0 7 15 3 4 8 12 
 Node State 597 : 	 1 9 10 13 6 5 11 14 2 7 15 0 3 4 8 12 
 Node State 598 : 	 1 9 10 13 6 5 11 14 2 7 8 15 3 4 0 12 
 Node State 599 : 	 1 5 9 13 2 6 10 14 7 11 15 12 3 4 0 8 
 Node State 600 : 	 1 5 9 13 2 6 0 10 7 11 15 14 3 4 8 12 
 Node State 601 : 	 1 5 9 0 2 6 10 13 7 11 15 14 3 4 8 12 
 Node State 602 : 	 1 5 9 13 2 6 10 14 7 11 8 15 0 3 4 12 
 Node State 603 : 	 1 5 9 13 2 6 10 14 7 0 8 15 3 11 4 12 
 Node State 604 : 	 1 5 9 13 2 6 10 14 7 11 8 0 3 4 12 15 
 Node State 605 : 	 1 5 9 13 0 2 6 14 7 11 10 15 3 4 8 12 
 Node State 606 : 	 1 5 9 13 2 11 6 14 7 0 10 15 3 4 8 12 
 Node State 607 : 	 1 0 9 13 2 5 6 14 7 11 10 15 3 4 8 12 
 Node State 608 : 	 1 5 9 13 2 6 14 15 7 11 10 0 3 4 8 12 
 Node State 609 : 	 1 5 9 0 2 6 14 13 7 11 10 15 3 4 8 12 
 Node State 610 : 	 1 0 5 13 2 6 9 14 7 11 10 15 3 4 8 12 
 Node State 611 : 	 1 5 13 0 2 6 9 14 7 11 10 15 3 4 8 12 
 Node State 612 : 	 1 5 9 13 2 6 10 14 4 0 11 15 7 3 8 12 
 Node State 613 : 	 1 5 9 13 0 6 10 14 2 4 11 15 7 3 8 12 
 Node State 614 : 	 1 5 9 13 2 6 10 14 7 4 11 0 3 8 12 15 
 Node State 615 : 	 1 5 9 13 2 6 10 14 7 0 4 15 3 8 11 12 
 Node State 616 : 	 1 5 9 13 2 6 10 14 7 4 15 0 3 8 11 12 
 Node State 617 : 	 1 5 9 13 2 6 0 14 7 4 10 15 3 8 11 12 
 Node State 618 : 	 1 5 9 13 7 2 10 14 3 6 11 15 0 4 8 12 
 Node State 619 : 	 5 0 9 13 1 2 10 14 7 6 11 15 3 4 8 12 
 Node State 620 : 	 1 5 9 13 2 10 14 15 7 6 11 0 3 4 8 12 
 Node State 621 : 	 1 5 9 0 2 10 14 13 7 6 11 15 3 4 8 12 
 Node State 622 : 	 1 5 9 13 2 10 11 14 7 0 6 15 3 4 8 12 
 Node State 623 : 	 1 5 9 13 2 10 11 14 7 6 15 0 3 4 8 12 
 Node State 624 : 	 1 5 9 13 2 10 11 14 7 6 8 15 3 4 0 12 
 Node State 625 : 	 1 0 5 13 2 10 9 14 7 6 11 15 3 4 8 12 
 Node State 626 : 	 1 5 13 0 2 10 9 14 7 6 11 15 3 4 8 12 
 Node State 627 : 	 2 1 9 13 0 5 10 14 7 6 11 15 3 4 8 12 
 Node State 628 : 	 1 9 13 0 2 5 10 14 7 6 11 15 3 4 8 12 
 Node State 629 : 	 1 9 10 13 2 5 0 14 7 6 11 15 3 4 8 12 