Goal State reached at node 607 !!!
Required Solution trajectory:	 1 -> 2 -> 6 -> 12 -> 27 -> 63 -> 138 -> 292 -> 607

Time taken to solve:	146.366 ms

1) Node State: 1
	String Representation: 	1 9 0 13 6 5 10 14 2 7 11 15 3 4 8 12 
	Array Representation:  
[[ 1  6  2  3]
 [ 9  5  7  4]
 [ 0 10 11  8]
 [13 14 15 12]]

2) Node State: 2
	String Representation: 	1 0 9 13 6 5 10 14 2 7 11 15 3 4 8 12 
	Array Representation:  
[[ 1  6  2  3]
 [ 0  5  7  4]
 [ 9 10 11  8]
 [13 14 15 12]]

3) Node State: 6
	String Representation: 	1 5 9 13 6 0 10 14 2 7 11 15 3 4 8 12 
	Array Representation:  
[[ 1  6  2  3]
 [ 5  0  7  4]
 [ 9 10 11  8]
 [13 14 15 12]]

4) Node State: 12
	String Representation: 	1 5 9 13 0 6 10 14 2 7 11 15 3 4 8 12 
	Array Representation:  
[[ 1  0  2  3]
 [ 5  6  7  4]
 [ 9 10 11  8]
 [13 14 15 12]]

5) Node State: 27
	String Representation: 	1 5 9 13 2 6 10 14 0 7 11 15 3 4 8 12 
	Array Representation:  
[[ 1  2  0  3]
 [ 5  6  7  4]
 [ 9 10 11  8]
 [13 14 15 12]]

6) Node State: 63
	String Representation: 	1 5 9 13 2 6 10 14 3 7 11 15 0 4 8 12 
	Array Representation:  
[[ 1  2  3  0]
 [ 5  6  7  4]
 [ 9 10 11  8]
 [13 14 15 12]]

7) Node State: 138
	String Representation: 	1 5 9 13 2 6 10 14 3 7 11 15 4 0 8 12 
	Array Representation:  
[[ 1  2  3  4]
 [ 5  6  7  0]
 [ 9 10 11  8]
 [13 14 15 12]]

8) Node State: 292
	String Representation: 	1 5 9 13 2 6 10 14 3 7 11 15 4 8 0 12 
	Array Representation:  
[[ 1  2  3  4]
 [ 5  6  7  8]
 [ 9 10 11  0]
 [13 14 15 12]]

9) Node State: 607
	String Representation: 	1 5 9 13 2 6 10 14 3 7 11 15 4 8 12 0 
	Array Representation:  
[[ 1  2  3  4]
 [ 5  6  7  8]
 [ 9 10 11 12]
 [13 14 15  0]]


	 ---------- All the nodes generated while doing BFS (string representation in column major order)  ----------

 Node State 1 : 	 1 9 0 13 6 5 10 14 2 7 11 15 3 4 8 12 
 Node State 2 : 	 1 0 9 13 6 5 10 14 2 7 11 15 3 4 8 12 
 Node State 3 : 	 1 9 13 0 6 5 10 14 2 7 11 15 3 4 8 12 
 Node State 4 : 	 1 9 10 13 6 5 0 14 2 7 11 15 3 4 8 12 
 Node State 5 : 	 0 1 9 13 6 5 10 14 2 7 11 15 3 4 8 12 
 Node State 6 : 	 1 5 9 13 6 0 10 14 2 7 11 15 3 4 8 12 
 Node State 7 : 	 1 9 13 14 6 5 10 0 2 7 11 15 3 4 8 12 
 Node State 8 : 	 1 9 10 13 6 0 5 14 2 7 11 15 3 4 8 12 
 Node State 9 : 	 1 9 10 13 6 5 14 0 2 7 11 15 3 4 8 12 
 Node State 10 : 	 1 9 10 13 6 5 11 14 2 7 0 15 3 4 8 12 
 Node State 11 : 	 6 1 9 13 0 5 10 14 2 7 11 15 3 4 8 12 
 Node State 12 : 	 1 5 9 13 0 6 10 14 2 7 11 15 3 4 8 12 
 Node State 13 : 	 1 5 9 13 6 10 0 14 2 7 11 15 3 4 8 12 
 Node State 14 : 	 1 5 9 13 6 7 10 14 2 0 11 15 3 4 8 12 
 Node State 15 : 	 1 9 13 14 6 5 0 10 2 7 11 15 3 4 8 12 
 Node State 16 : 	 1 9 13 14 6 5 10 15 2 7 11 0 3 4 8 12 
 Node State 17 : 	 1 9 10 13 0 6 5 14 2 7 11 15 3 4 8 12 
 Node State 18 : 	 1 9 10 13 6 7 5 14 2 0 11 15 3 4 8 12 
 Node State 19 : 	 1 0 10 13 6 9 5 14 2 7 11 15 3 4 8 12 
 Node State 20 : 	 1 9 10 13 6 5 14 15 2 7 11 0 3 4 8 12 
 Node State 21 : 	 1 9 10 0 6 5 14 13 2 7 11 15 3 4 8 12 
 Node State 22 : 	 1 9 10 13 6 5 11 14 2 0 7 15 3 4 8 12 
 Node State 23 : 	 1 9 10 13 6 5 11 14 2 7 15 0 3 4 8 12 
 Node State 24 : 	 1 9 10 13 6 5 11 14 2 7 8 15 3 4 0 12 
 Node State 25 : 	 6 1 9 13 5 0 10 14 2 7 11 15 3 4 8 12 
 Node State 26 : 	 6 1 9 13 2 5 10 14 0 7 11 15 3 4 8 12 
 Node State 27 : 	 1 5 9 13 2 6 10 14 0 7 11 15 3 4 8 12 
 Node State 28 : 	 0 5 9 13 1 6 10 14 2 7 11 15 3 4 8 12 
 Node State 29 : 	 1 5 9 13 6 10 14 0 2 7 11 15 3 4 8 12 
 Node State 30 : 	 1 5 9 13 6 10 11 14 2 7 0 15 3 4 8 12 
 Node State 31 : 	 1 5 0 13 6 10 9 14 2 7 11 15 3 4 8 12 
 Node State 32 : 	 1 5 9 13 6 7 10 14 0 2 11 15 3 4 8 12 
 Node State 33 : 	 1 5 9 13 6 7 10 14 2 11 0 15 3 4 8 12 
 Node State 34 : 	 1 5 9 13 6 7 10 14 2 4 11 15 3 0 8 12 
 Node State 35 : 	 1 9 13 14 6 0 5 10 2 7 11 15 3 4 8 12 
 Node State 36 : 	 1 9 13 14 6 5 11 10 2 7 0 15 3 4 8 12 
 Node State 37 : 	 1 9 0 14 6 5 13 10 2 7 11 15 3 4 8 12 
 Node State 38 : 	 1 9 13 14 6 5 10 15 2 7 0 11 3 4 8 12 
 Node State 39 : 	 1 9 13 14 6 5 10 15 2 7 11 12 3 4 8 0 
 Node State 40 : 	 1 9 10 13 2 6 5 14 0 7 11 15 3 4 8 12 
 Node State 41 : 	 0 9 10 13 1 6 5 14 2 7 11 15 3 4 8 12 
 Node State 42 : 	 1 9 10 13 6 7 5 14 0 2 11 15 3 4 8 12 
 Node State 43 : 	 1 9 10 13 6 7 5 14 2 11 0 15 3 4 8 12 
 Node State 44 : 	 1 9 10 13 6 7 5 14 2 4 11 15 3 0 8 12 
 Node State 45 : 	 0 1 10 13 6 9 5 14 2 7 11 15 3 4 8 12 
 Node State 46 : 	 1 10 0 13 6 9 5 14 2 7 11 15 3 4 8 12 
 Node State 47 : 	 1 9 10 13 6 5 14 15 2 7 0 11 3 4 8 12 
 Node State 48 : 	 1 9 10 13 6 5 14 15 2 7 11 12 3 4 8 0 
 Node State 49 : 	 1 9 0 10 6 5 14 13 2 7 11 15 3 4 8 12 
 Node State 50 : 	 1 9 10 13 6 5 11 14 0 2 7 15 3 4 8 12 
 Node State 51 : 	 1 9 10 13 6 5 11 14 2 4 7 15 3 0 8 12 
 Node State 52 : 	 1 9 10 13 6 0 11 14 2 5 7 15 3 4 8 12 
 Node State 53 : 	 1 9 10 13 6 5 11 14 2 7 15 12 3 4 8 0 
 Node State 54 : 	 1 9 10 13 6 5 11 0 2 7 15 14 3 4 8 12 
 Node State 55 : 	 1 9 10 13 6 5 11 14 2 7 8 15 3 0 4 12 
 Node State 56 : 	 1 9 10 13 6 5 11 14 2 7 8 15 3 4 12 0 
 Node State 57 : 	 6 1 9 13 5 10 0 14 2 7 11 15 3 4 8 12 
 Node State 58 : 	 6 1 9 13 5 7 10 14 2 0 11 15 3 4 8 12 
 Node State 59 : 	 6 0 9 13 5 1 10 14 2 7 11 15 3 4 8 12 
 Node State 60 : 	 6 1 9 13 2 5 10 14 7 0 11 15 3 4 8 12 
 Node State 61 : 	 6 1 9 13 2 5 10 14 3 7 11 15 0 4 8 12 
 Node State 62 : 	 1 5 9 13 2 6 10 14 7 0 11 15 3 4 8 12 
 Node State 63 : 	 1 5 9 13 2 6 10 14 3 7 11 15 0 4 8 12 
 Node State 64 : 	 5 0 9 13 1 6 10 14 2 7 11 15 3 4 8 12 
 Node State 65 : 	 1 5 9 13 6 10 14 15 2 7 11 0 3 4 8 12 
 Node State 66 : 	 1 5 9 0 6 10 14 13 2 7 11 15 3 4 8 12 
 Node State 67 : 	 1 5 9 13 6 10 11 14 2 0 7 15 3 4 8 12 
 Node State 68 : 	 1 5 9 13 6 10 11 14 2 7 15 0 3 4 8 12 
 Node State 69 : 	 1 5 9 13 6 10 11 14 2 7 8 15 3 4 0 12 
 Node State 70 : 	 1 0 5 13 6 10 9 14 2 7 11 15 3 4 8 12 
 Node State 71 : 	 1 5 13 0 6 10 9 14 2 7 11 15 3 4 8 12 
 Node State 72 : 	 1 5 9 13 6 7 10 14 3 2 11 15 0 4 8 12 
 Node State 73 : 	 1 5 9 13 0 7 10 14 6 2 11 15 3 4 8 12 
 Node State 74 : 	 1 5 9 13 6 7 10 14 2 11 15 0 3 4 8 12 
 Node State 75 : 	 1 5 9 13 6 7 10 14 2 11 8 15 3 4 0 12 
 Node State 76 : 	 1 5 9 13 6 7 0 14 2 11 10 15 3 4 8 12 
 Node State 77 : 	 1 5 9 13 6 7 10 14 2 4 11 15 0 3 8 12 
 Node State 78 : 	 1 5 9 13 6 7 10 14 2 4 11 15 3 8 0 12 
 Node State 79 : 	 1 9 13 14 0 6 5 10 2 7 11 15 3 4 8 12 
 Node State 80 : 	 1 9 13 14 6 7 5 10 2 0 11 15 3 4 8 12 
 Node State 81 : 	 1 0 13 14 6 9 5 10 2 7 11 15 3 4 8 12 
 Node State 82 : 	 1 9 13 14 6 5 11 10 2 0 7 15 3 4 8 12 
 Node State 83 : 	 1 9 13 14 6 5 11 10 2 7 15 0 3 4 8 12 
 Node State 84 : 	 1 9 13 14 6 5 11 10 2 7 8 15 3 4 0 12 
 Node State 85 : 	 1 0 9 14 6 5 13 10 2 7 11 15 3 4 8 12 
 Node State 86 : 	 1 9 14 0 6 5 13 10 2 7 11 15 3 4 8 12 
 Node State 87 : 	 1 9 13 14 6 5 10 15 2 0 7 11 3 4 8 12 
 Node State 88 : 	 1 9 13 14 6 5 10 15 2 7 8 11 3 4 0 12 
 Node State 89 : 	 1 9 13 14 6 5 0 15 2 7 10 11 3 4 8 12 
 Node State 90 : 	 1 9 13 14 6 5 10 15 2 7 11 12 3 4 0 8 
 Node State 91 : 	 1 9 10 13 2 6 5 14 7 0 11 15 3 4 8 12 
 Node State 92 : 	 1 9 10 13 2 6 5 14 3 7 11 15 0 4 8 12 
 Node State 93 : 	 9 0 10 13 1 6 5 14 2 7 11 15 3 4 8 12 
 Node State 94 : 	 1 9 10 13 6 7 5 14 3 2 11 15 0 4 8 12 
 Node State 95 : 	 1 9 10 13 0 7 5 14 6 2 11 15 3 4 8 12 
 Node State 96 : 	 1 9 10 13 6 7 5 14 2 11 15 0 3 4 8 12 
 Node State 97 : 	 1 9 10 13 6 7 5 14 2 11 8 15 3 4 0 12 
 Node State 98 : 	 1 9 10 13 6 7 0 14 2 11 5 15 3 4 8 12 
 Node State 99 : 	 1 9 10 13 6 7 5 14 2 4 11 15 0 3 8 12 
 Node State 100 : 	 1 9 10 13 6 7 5 14 2 4 11 15 3 8 0 12 
 Node State 101 : 	 6 1 10 13 0 9 5 14 2 7 11 15 3 4 8 12 
 Node State 102 : 	 1 10 13 0 6 9 5 14 2 7 11 15 3 4 8 12 
 Node State 103 : 	 1 10 5 13 6 9 0 14 2 7 11 15 3 4 8 12 
 Node State 104 : 	 1 9 10 13 6 5 14 15 2 0 7 11 3 4 8 12 
 Node State 105 : 	 1 9 10 13 6 5 14 15 2 7 8 11 3 4 0 12 
 Node State 106 : 	 1 9 10 13 6 5 0 15 2 7 14 11 3 4 8 12 
 Node State 107 : 	 1 9 10 13 6 5 14 15 2 7 11 12 3 4 0 8 
 Node State 108 : 	 1 0 9 10 6 5 14 13 2 7 11 15 3 4 8 12 
 Node State 109 : 	 1 9 14 10 6 5 0 13 2 7 11 15 3 4 8 12 
 Node State 110 : 	 1 9 10 13 6 5 11 14 3 2 7 15 0 4 8 12 
 Node State 111 : 	 1 9 10 13 0 5 11 14 6 2 7 15 3 4 8 12 
 Node State 112 : 	 1 9 10 13 6 5 11 14 2 4 7 15 0 3 8 12 
 Node State 113 : 	 1 9 10 13 6 5 11 14 2 4 7 15 3 8 0 12 
 Node State 114 : 	 1 9 10 13 0 6 11 14 2 5 7 15 3 4 8 12 
 Node State 115 : 	 1 9 10 13 6 11 0 14 2 5 7 15 3 4 8 12 
 Node State 116 : 	 1 0 10 13 6 9 11 14 2 5 7 15 3 4 8 12 
 Node State 117 : 	 1 9 10 13 6 5 11 14 2 7 15 12 3 4 0 8 
 Node State 118 : 	 1 9 10 13 6 5 0 11 2 7 15 14 3 4 8 12 
 Node State 119 : 	 1 9 10 0 6 5 11 13 2 7 15 14 3 4 8 12 
 Node State 120 : 	 1 9 10 13 6 5 11 14 2 7 8 15 0 3 4 12 
 Node State 121 : 	 1 9 10 13 6 5 11 14 2 0 8 15 3 7 4 12 
 Node State 122 : 	 1 9 10 13 6 5 11 14 2 7 8 0 3 4 12 15 
 Node State 123 : 	 6 1 9 13 5 10 14 0 2 7 11 15 3 4 8 12 
 Node State 124 : 	 6 1 9 13 5 10 11 14 2 7 0 15 3 4 8 12 
 Node State 125 : 	 6 1 0 13 5 10 9 14 2 7 11 15 3 4 8 12 
 Node State 126 : 	 6 1 9 13 5 7 10 14 0 2 11 15 3 4 8 12 
 Node State 127 : 	 6 1 9 13 5 7 10 14 2 11 0 15 3 4 8 12 
 Node State 128 : 	 6 1 9 13 5 7 10 14 2 4 11 15 3 0 8 12 
 Node State 129 : 	 0 6 9 13 5 1 10 14 2 7 11 15 3 4 8 12 
 Node State 130 : 	 6 9 0 13 5 1 10 14 2 7 11 15 3 4 8 12 
 Node State 131 : 	 6 1 9 13 2 5 10 14 7 11 0 15 3 4 8 12 
 Node State 132 : 	 6 1 9 13 2 5 10 14 7 4 11 15 3 0 8 12 
 Node State 133 : 	 6 1 9 13 2 0 10 14 7 5 11 15 3 4 8 12 
 Node State 134 : 	 6 1 9 13 2 5 10 14 3 7 11 15 4 0 8 12 
 Node State 135 : 	 1 5 9 13 2 6 10 14 7 11 0 15 3 4 8 12 
 Node State 136 : 	 1 5 9 13 2 6 10 14 7 4 11 15 3 0 8 12 
 Node State 137 : 	 1 5 9 13 2 0 10 14 7 6 11 15 3 4 8 12 
 Node State 138 : 	 1 5 9 13 2 6 10 14 3 7 11 15 4 0 8 12 
 Node State 139 : 	 5 9 0 13 1 6 10 14 2 7 11 15 3 4 8 12 
 Node State 140 : 	 5 6 9 13 1 0 10 14 2 7 11 15 3 4 8 12 
 Node State 141 : 	 1 5 9 13 6 10 14 15 2 7 0 11 3 4 8 12 
 Node State 142 : 	 1 5 9 13 6 10 14 15 2 7 11 12 3 4 8 0 
 Node State 143 : 	 1 5 0 9 6 10 14 13 2 7 11 15 3 4 8 12 
 Node State 144 : 	 1 5 9 13 6 10 11 14 0 2 7 15 3 4 8 12 
 Node State 145 : 	 1 5 9 13 6 10 11 14 2 4 7 15 3 0 8 12 
 Node State 146 : 	 1 5 9 13 6 0 11 14 2 10 7 15 3 4 8 12 
 Node State 147 : 	 1 5 9 13 6 10 11 14 2 7 15 12 3 4 8 0 
 Node State 148 : 	 1 5 9 13 6 10 11 0 2 7 15 14 3 4 8 12 
 Node State 149 : 	 1 5 9 13 6 10 11 14 2 7 8 15 3 0 4 12 
 Node State 150 : 	 1 5 9 13 6 10 11 14 2 7 8 15 3 4 12 0 
 Node State 151 : 	 0 1 5 13 6 10 9 14 2 7 11 15 3 4 8 12 
 Node State 152 : 	 1 10 5 13 6 0 9 14 2 7 11 15 3 4 8 12 
 Node State 153 : 	 1 5 13 14 6 10 9 0 2 7 11 15 3 4 8 12 
 Node State 154 : 	 1 5 9 13 6 7 10 14 3 2 11 15 4 0 8 12 
 Node State 155 : 	 1 5 9 13 7 0 10 14 6 2 11 15 3 4 8 12 
 Node State 156 : 	 0 5 9 13 1 7 10 14 6 2 11 15 3 4 8 12 
 Node State 157 : 	 1 5 9 13 6 7 10 14 2 11 15 12 3 4 8 0 
 Node State 158 : 	 1 5 9 13 6 7 10 0 2 11 15 14 3 4 8 12 
 Node State 159 : 	 1 5 9 13 6 7 10 14 2 11 8 15 3 0 4 12 
 Node State 160 : 	 1 5 9 13 6 7 10 14 2 11 8 15 3 4 12 0 
 Node State 161 : 	 1 5 9 13 6 0 7 14 2 11 10 15 3 4 8 12 
 Node State 162 : 	 1 5 9 13 6 7 14 0 2 11 10 15 3 4 8 12 
 Node State 163 : 	 1 5 0 13 6 7 9 14 2 11 10 15 3 4 8 12 
 Node State 164 : 	 1 5 9 13 6 7 10 14 0 4 11 15 2 3 8 12 
 Node State 165 : 	 1 5 9 13 6 7 10 14 2 4 11 15 3 8 12 0 
 Node State 166 : 	 1 5 9 13 6 7 10 14 2 4 0 15 3 8 11 12 
 Node State 167 : 	 1 9 13 14 2 6 5 10 0 7 11 15 3 4 8 12 
 Node State 168 : 	 0 9 13 14 1 6 5 10 2 7 11 15 3 4 8 12 
 Node State 169 : 	 1 9 13 14 6 7 5 10 0 2 11 15 3 4 8 12 
 Node State 170 : 	 1 9 13 14 6 7 5 10 2 11 0 15 3 4 8 12 
 Node State 171 : 	 1 9 13 14 6 7 5 10 2 4 11 15 3 0 8 12 
 Node State 172 : 	 0 1 13 14 6 9 5 10 2 7 11 15 3 4 8 12 
 Node State 173 : 	 1 13 0 14 6 9 5 10 2 7 11 15 3 4 8 12 
 Node State 174 : 	 1 9 13 14 6 5 11 10 0 2 7 15 3 4 8 12 
 Node State 175 : 	 1 9 13 14 6 5 11 10 2 4 7 15 3 0 8 12 
 Node State 176 : 	 1 9 13 14 6 0 11 10 2 5 7 15 3 4 8 12 
 Node State 177 : 	 1 9 13 14 6 5 11 10 2 7 15 12 3 4 8 0 
 Node State 178 : 	 1 9 13 14 6 5 11 0 2 7 15 10 3 4 8 12 
 Node State 179 : 	 1 9 13 14 6 5 11 10 2 7 8 15 3 0 4 12 
 Node State 180 : 	 1 9 13 14 6 5 11 10 2 7 8 15 3 4 12 0 
 Node State 181 : 	 0 1 9 14 6 5 13 10 2 7 11 15 3 4 8 12 
 Node State 182 : 	 1 5 9 14 6 0 13 10 2 7 11 15 3 4 8 12 
 Node State 183 : 	 1 9 14 10 6 5 13 0 2 7 11 15 3 4 8 12 
 Node State 184 : 	 1 9 13 14 6 5 10 15 0 2 7 11 3 4 8 12 
 Node State 185 : 	 1 9 13 14 6 5 10 15 2 4 7 11 3 0 8 12 
 Node State 186 : 	 1 9 13 14 6 0 10 15 2 5 7 11 3 4 8 12 
 Node State 187 : 	 1 9 13 14 6 5 10 15 2 7 8 11 3 0 4 12 
 Node State 188 : 	 1 9 13 14 6 5 10 15 2 7 8 11 3 4 12 0 
 Node State 189 : 	 1 9 13 14 6 0 5 15 2 7 10 11 3 4 8 12 
 Node State 190 : 	 1 9 13 14 6 5 15 0 2 7 10 11 3 4 8 12 
 Node State 191 : 	 1 9 0 14 6 5 13 15 2 7 10 11 3 4 8 12 
 Node State 192 : 	 1 9 13 14 6 5 10 15 2 7 11 12 3 0 4 8 
 Node State 193 : 	 1 9 13 14 6 5 10 15 2 7 0 12 3 4 11 8 
 Node State 194 : 	 1 9 10 13 2 6 5 14 7 11 0 15 3 4 8 12 
 Node State 195 : 	 1 9 10 13 2 6 5 14 7 4 11 15 3 0 8 12 
 Node State 196 : 	 1 9 10 13 2 0 5 14 7 6 11 15 3 4 8 12 
 Node State 197 : 	 1 9 10 13 2 6 5 14 3 7 11 15 4 0 8 12 
 Node State 198 : 	 9 10 0 13 1 6 5 14 2 7 11 15 3 4 8 12 
 Node State 199 : 	 9 6 10 13 1 0 5 14 2 7 11 15 3 4 8 12 
 Node State 200 : 	 1 9 10 13 6 7 5 14 3 2 11 15 4 0 8 12 
 Node State 201 : 	 1 9 10 13 7 0 5 14 6 2 11 15 3 4 8 12 
 Node State 202 : 	 0 9 10 13 1 7 5 14 6 2 11 15 3 4 8 12 
 Node State 203 : 	 1 9 10 13 6 7 5 14 2 11 15 12 3 4 8 0 
 Node State 204 : 	 1 9 10 13 6 7 5 0 2 11 15 14 3 4 8 12 
 Node State 205 : 	 1 9 10 13 6 7 5 14 2 11 8 15 3 0 4 12 
 Node State 206 : 	 1 9 10 13 6 7 5 14 2 11 8 15 3 4 12 0 
 Node State 207 : 	 1 9 10 13 6 0 7 14 2 11 5 15 3 4 8 12 
 Node State 208 : 	 1 9 10 13 6 7 14 0 2 11 5 15 3 4 8 12 
 Node State 209 : 	 1 9 0 13 6 7 10 14 2 11 5 15 3 4 8 12 
 Node State 210 : 	 1 9 10 13 6 7 5 14 0 4 11 15 2 3 8 12 
 Node State 211 : 	 1 9 10 13 6 7 5 14 2 4 11 15 3 8 12 0 
 Node State 212 : 	 1 9 10 13 6 7 5 14 2 4 0 15 3 8 11 12 
 Node State 213 : 	 6 1 10 13 9 0 5 14 2 7 11 15 3 4 8 12 
 Node State 214 : 	 6 1 10 13 2 9 5 14 0 7 11 15 3 4 8 12 
 Node State 215 : 	 1 10 13 14 6 9 5 0 2 7 11 15 3 4 8 12 
 Node State 216 : 	 1 10 5 13 6 9 14 0 2 7 11 15 3 4 8 12 
 Node State 217 : 	 1 10 5 13 6 9 11 14 2 7 0 15 3 4 8 12 
 Node State 218 : 	 1 9 10 13 6 5 14 15 0 2 7 11 3 4 8 12 
 Node State 219 : 	 1 9 10 13 6 5 14 15 2 4 7 11 3 0 8 12 
 Node State 220 : 	 1 9 10 13 6 0 14 15 2 5 7 11 3 4 8 12 
 Node State 221 : 	 1 9 10 13 6 5 14 15 2 7 8 11 3 0 4 12 
 Node State 222 : 	 1 9 10 13 6 5 14 15 2 7 8 11 3 4 12 0 
 Node State 223 : 	 1 9 10 13 6 0 5 15 2 7 14 11 3 4 8 12 
 Node State 224 : 	 1 9 10 13 6 5 15 0 2 7 14 11 3 4 8 12 
 Node State 225 : 	 1 9 0 13 6 5 10 15 2 7 14 11 3 4 8 12 
 Node State 226 : 	 1 9 10 13 6 5 14 15 2 7 11 12 3 0 4 8 
 Node State 227 : 	 1 9 10 13 6 5 14 15 2 7 0 12 3 4 11 8 
 Node State 228 : 	 0 1 9 10 6 5 14 13 2 7 11 15 3 4 8 12 
 Node State 229 : 	 1 5 9 10 6 0 14 13 2 7 11 15 3 4 8 12 
 Node State 230 : 	 1 9 14 10 6 0 5 13 2 7 11 15 3 4 8 12 
 Node State 231 : 	 1 9 14 10 6 5 11 13 2 7 0 15 3 4 8 12 
 Node State 232 : 	 1 9 10 13 6 5 11 14 3 2 7 15 4 0 8 12 
 Node State 233 : 	 1 9 10 13 5 0 11 14 6 2 7 15 3 4 8 12 
 Node State 234 : 	 0 9 10 13 1 5 11 14 6 2 7 15 3 4 8 12 
 Node State 235 : 	 1 9 10 13 6 5 11 14 0 4 7 15 2 3 8 12 
 Node State 236 : 	 1 9 10 13 6 5 11 14 2 4 7 15 3 8 12 0 
 Node State 237 : 	 1 9 10 13 6 5 11 14 2 4 0 15 3 8 7 12 
 Node State 238 : 	 1 9 10 13 2 6 11 14 0 5 7 15 3 4 8 12 
 Node State 239 : 	 0 9 10 13 1 6 11 14 2 5 7 15 3 4 8 12 
 Node State 240 : 	 1 9 10 13 6 11 14 0 2 5 7 15 3 4 8 12 
 Node State 241 : 	 1 9 10 13 6 11 7 14 2 5 0 15 3 4 8 12 
 Node State 242 : 	 1 9 0 13 6 11 10 14 2 5 7 15 3 4 8 12 
 Node State 243 : 	 0 1 10 13 6 9 11 14 2 5 7 15 3 4 8 12 
 Node State 244 : 	 1 10 0 13 6 9 11 14 2 5 7 15 3 4 8 12 
 Node State 245 : 	 1 9 10 13 6 5 11 14 2 7 15 12 3 0 4 8 
 Node State 246 : 	 1 9 10 13 6 5 11 14 2 7 0 12 3 4 15 8 
 Node State 247 : 	 1 9 10 13 6 0 5 11 2 7 15 14 3 4 8 12 
 Node State 248 : 	 1 9 10 13 6 5 15 11 2 7 0 14 3 4 8 12 
 Node State 249 : 	 1 9 0 13 6 5 10 11 2 7 15 14 3 4 8 12 
 Node State 250 : 	 1 9 0 10 6 5 11 13 2 7 15 14 3 4 8 12 
 Node State 251 : 	 1 9 10 13 6 5 11 14 0 7 8 15 2 3 4 12 
 Node State 252 : 	 1 9 10 13 6 5 11 14 0 2 8 15 3 7 4 12 
 Node State 253 : 	 1 9 10 13 6 5 11 14 2 8 0 15 3 7 4 12 
 Node State 254 : 	 1 9 10 13 6 0 11 14 2 5 8 15 3 7 4 12 
 Node State 255 : 	 1 9 10 13 6 5 11 14 2 7 0 8 3 4 12 15 
 Node State 256 : 	 1 9 10 13 6 5 11 0 2 7 8 14 3 4 12 15 
 Node State 257 : 	 6 1 9 13 5 10 14 15 2 7 11 0 3 4 8 12 
 Node State 258 : 	 6 1 9 0 5 10 14 13 2 7 11 15 3 4 8 12 
 Node State 259 : 	 6 1 9 13 5 10 11 14 2 0 7 15 3 4 8 12 
 Node State 260 : 	 6 1 9 13 5 10 11 14 2 7 15 0 3 4 8 12 
 Node State 261 : 	 6 1 9 13 5 10 11 14 2 7 8 15 3 4 0 12 
 Node State 262 : 	 6 0 1 13 5 10 9 14 2 7 11 15 3 4 8 12 
 Node State 263 : 	 6 1 13 0 5 10 9 14 2 7 11 15 3 4 8 12 
 Node State 264 : 	 6 1 9 13 5 7 10 14 3 2 11 15 0 4 8 12 
 Node State 265 : 	 6 1 9 13 0 7 10 14 5 2 11 15 3 4 8 12 
 Node State 266 : 	 6 1 9 13 5 7 10 14 2 11 15 0 3 4 8 12 
 Node State 267 : 	 6 1 9 13 5 7 10 14 2 11 8 15 3 4 0 12 
 Node State 268 : 	 6 1 9 13 5 7 0 14 2 11 10 15 3 4 8 12 
 Node State 269 : 	 6 1 9 13 5 7 10 14 2 4 11 15 0 3 8 12 
 Node State 270 : 	 6 1 9 13 5 7 10 14 2 4 11 15 3 8 0 12 
 Node State 271 : 	 5 6 9 13 0 1 10 14 2 7 11 15 3 4 8 12 
 Node State 272 : 	 6 9 13 0 5 1 10 14 2 7 11 15 3 4 8 12 
 Node State 273 : 	 6 9 10 13 5 1 0 14 2 7 11 15 3 4 8 12 
 Node State 274 : 	 6 1 9 13 2 5 10 14 7 11 15 0 3 4 8 12 
 Node State 275 : 	 6 1 9 13 2 5 10 14 7 11 8 15 3 4 0 12 
 Node State 276 : 	 6 1 9 13 2 5 0 14 7 11 10 15 3 4 8 12 
 Node State 277 : 	 6 1 9 13 2 5 10 14 7 4 11 15 0 3 8 12 
 Node State 278 : 	 6 1 9 13 2 5 10 14 7 4 11 15 3 8 0 12 
 Node State 279 : 	 6 1 9 13 0 2 10 14 7 5 11 15 3 4 8 12 
 Node State 280 : 	 6 1 9 13 2 10 0 14 7 5 11 15 3 4 8 12 
 Node State 281 : 	 6 0 9 13 2 1 10 14 7 5 11 15 3 4 8 12 
 Node State 282 : 	 6 1 9 13 2 5 10 14 3 7 11 15 4 8 0 12 
 Node State 283 : 	 6 1 9 13 2 5 10 14 3 0 11 15 4 7 8 12 
 Node State 284 : 	 1 5 9 13 2 6 10 14 7 11 15 0 3 4 8 12 
 Node State 285 : 	 1 5 9 13 2 6 10 14 7 11 8 15 3 4 0 12 
 Node State 286 : 	 1 5 9 13 2 6 0 14 7 11 10 15 3 4 8 12 
 Node State 287 : 	 1 5 9 13 2 6 10 14 7 4 11 15 0 3 8 12 
 Node State 288 : 	 1 5 9 13 2 6 10 14 7 4 11 15 3 8 0 12 
 Node State 289 : 	 1 5 9 13 0 2 10 14 7 6 11 15 3 4 8 12 
 Node State 290 : 	 1 5 9 13 2 10 0 14 7 6 11 15 3 4 8 12 
 Node State 291 : 	 1 0 9 13 2 5 10 14 7 6 11 15 3 4 8 12 
 Node State 292 : 	 1 5 9 13 2 6 10 14 3 7 11 15 4 8 0 12 
 Node State 293 : 	 1 5 9 13 2 6 10 14 3 0 11 15 4 7 8 12 
 Node State 294 : 	 5 9 13 0 1 6 10 14 2 7 11 15 3 4 8 12 
 Node State 295 : 	 5 9 10 13 1 6 0 14 2 7 11 15 3 4 8 12 
 Node State 296 : 	 5 6 9 13 1 10 0 14 2 7 11 15 3 4 8 12 
 Node State 297 : 	 5 6 9 13 1 7 10 14 2 0 11 15 3 4 8 12 
 Node State 298 : 	 1 5 9 13 6 10 14 15 2 0 7 11 3 4 8 12 
 Node State 299 : 	 1 5 9 13 6 10 14 15 2 7 8 11 3 4 0 12 
 Node State 300 : 	 1 5 9 13 6 10 0 15 2 7 14 11 3 4 8 12 
 Node State 301 : 	 1 5 9 13 6 10 14 15 2 7 11 12 3 4 0 8 
 Node State 302 : 	 1 0 5 9 6 10 14 13 2 7 11 15 3 4 8 12 
 Node State 303 : 	 1 5 14 9 6 10 0 13 2 7 11 15 3 4 8 12 
 Node State 304 : 	 1 5 9 13 6 10 11 14 3 2 7 15 0 4 8 12 
 Node State 305 : 	 1 5 9 13 0 10 11 14 6 2 7 15 3 4 8 12 
 Node State 306 : 	 1 5 9 13 6 10 11 14 2 4 7 15 0 3 8 12 
 Node State 307 : 	 1 5 9 13 6 10 11 14 2 4 7 15 3 8 0 12 
 Node State 308 : 	 1 5 9 13 0 6 11 14 2 10 7 15 3 4 8 12 
 Node State 309 : 	 1 5 9 13 6 11 0 14 2 10 7 15 3 4 8 12 
 Node State 310 : 	 1 0 9 13 6 5 11 14 2 10 7 15 3 4 8 12 
 Node State 311 : 	 1 5 9 13 6 10 11 14 2 7 15 12 3 4 0 8 
 Node State 312 : 	 1 5 9 13 6 10 0 11 2 7 15 14 3 4 8 12 
 Node State 313 : 	 1 5 9 0 6 10 11 13 2 7 15 14 3 4 8 12 
 Node State 314 : 	 1 5 9 13 6 10 11 14 2 7 8 15 0 3 4 12 
 Node State 315 : 	 1 5 9 13 6 10 11 14 2 0 8 15 3 7 4 12 
 Node State 316 : 	 1 5 9 13 6 10 11 14 2 7 8 0 3 4 12 15 
 Node State 317 : 	 6 1 5 13 0 10 9 14 2 7 11 15 3 4 8 12 
 Node State 318 : 	 1 10 5 13 0 6 9 14 2 7 11 15 3 4 8 12 
 Node State 319 : 	 1 10 5 13 6 7 9 14 2 0 11 15 3 4 8 12 
 Node State 320 : 	 1 5 13 14 6 10 0 9 2 7 11 15 3 4 8 12 
 Node State 321 : 	 1 5 13 14 6 10 9 15 2 7 11 0 3 4 8 12 
 Node State 322 : 	 1 5 9 13 6 7 10 14 3 2 11 15 4 8 0 12 
 Node State 323 : 	 1 5 9 13 6 7 10 14 3 0 11 15 4 2 8 12 
 Node State 324 : 	 1 5 9 13 7 10 0 14 6 2 11 15 3 4 8 12 
 Node State 325 : 	 1 5 9 13 7 2 10 14 6 0 11 15 3 4 8 12 
 Node State 326 : 	 1 0 9 13 7 5 10 14 6 2 11 15 3 4 8 12 
 Node State 327 : 	 5 0 9 13 1 7 10 14 6 2 11 15 3 4 8 12 
 Node State 328 : 	 1 5 9 13 6 7 10 14 2 11 15 12 3 4 0 8 
 Node State 329 : 	 1 5 9 13 6 7 0 10 2 11 15 14 3 4 8 12 
 Node State 330 : 	 1 5 9 0 6 7 10 13 2 11 15 14 3 4 8 12 
 Node State 331 : 	 1 5 9 13 6 7 10 14 2 11 8 15 0 3 4 12 
 Node State 332 : 	 1 5 9 13 6 7 10 14 2 0 8 15 3 11 4 12 
 Node State 333 : 	 1 5 9 13 6 7 10 14 2 11 8 0 3 4 12 15 
 Node State 334 : 	 1 5 9 13 0 6 7 14 2 11 10 15 3 4 8 12 
 Node State 335 : 	 1 5 9 13 6 11 7 14 2 0 10 15 3 4 8 12 
 Node State 336 : 	 1 0 9 13 6 5 7 14 2 11 10 15 3 4 8 12 
 Node State 337 : 	 1 5 9 13 6 7 14 15 2 11 10 0 3 4 8 12 
 Node State 338 : 	 1 5 9 0 6 7 14 13 2 11 10 15 3 4 8 12 
 Node State 339 : 	 1 0 5 13 6 7 9 14 2 11 10 15 3 4 8 12 
 Node State 340 : 	 1 5 13 0 6 7 9 14 2 11 10 15 3 4 8 12 
 Node State 341 : 	 1 5 9 13 6 7 10 14 4 0 11 15 2 3 8 12 
 Node State 342 : 	 1 5 9 13 0 7 10 14 6 4 11 15 2 3 8 12 
 Node State 343 : 	 1 5 9 13 6 7 10 14 2 4 11 0 3 8 12 15 
 Node State 344 : 	 1 5 9 13 6 7 10 14 2 0 4 15 3 8 11 12 
 Node State 345 : 	 1 5 9 13 6 7 10 14 2 4 15 0 3 8 11 12 
 Node State 346 : 	 1 5 9 13 6 7 0 14 2 4 10 15 3 8 11 12 
 Node State 347 : 	 1 9 13 14 2 6 5 10 7 0 11 15 3 4 8 12 
 Node State 348 : 	 1 9 13 14 2 6 5 10 3 7 11 15 0 4 8 12 
 Node State 349 : 	 9 0 13 14 1 6 5 10 2 7 11 15 3 4 8 12 
 Node State 350 : 	 1 9 13 14 6 7 5 10 3 2 11 15 0 4 8 12 
 Node State 351 : 	 1 9 13 14 0 7 5 10 6 2 11 15 3 4 8 12 
 Node State 352 : 	 1 9 13 14 6 7 5 10 2 11 15 0 3 4 8 12 
 Node State 353 : 	 1 9 13 14 6 7 5 10 2 11 8 15 3 4 0 12 
 Node State 354 : 	 1 9 13 14 6 7 0 10 2 11 5 15 3 4 8 12 
 Node State 355 : 	 1 9 13 14 6 7 5 10 2 4 11 15 0 3 8 12 
 Node State 356 : 	 1 9 13 14 6 7 5 10 2 4 11 15 3 8 0 12 
 Node State 357 : 	 6 1 13 14 0 9 5 10 2 7 11 15 3 4 8 12 
 Node State 358 : 	 1 13 14 0 6 9 5 10 2 7 11 15 3 4 8 12 
 Node State 359 : 	 1 13 5 14 6 9 0 10 2 7 11 15 3 4 8 12 
 Node State 360 : 	 1 9 13 14 6 5 11 10 3 2 7 15 0 4 8 12 
 Node State 361 : 	 1 9 13 14 0 5 11 10 6 2 7 15 3 4 8 12 
 Node State 362 : 	 1 9 13 14 6 5 11 10 2 4 7 15 0 3 8 12 
 Node State 363 : 	 1 9 13 14 6 5 11 10 2 4 7 15 3 8 0 12 
 Node State 364 : 	 1 9 13 14 0 6 11 10 2 5 7 15 3 4 8 12 
 Node State 365 : 	 1 9 13 14 6 11 0 10 2 5 7 15 3 4 8 12 
 Node State 366 : 	 1 0 13 14 6 9 11 10 2 5 7 15 3 4 8 12 
 Node State 367 : 	 1 9 13 14 6 5 11 10 2 7 15 12 3 4 0 8 
 Node State 368 : 	 1 9 13 14 6 5 0 11 2 7 15 10 3 4 8 12 
 Node State 369 : 	 1 9 13 0 6 5 11 14 2 7 15 10 3 4 8 12 
 Node State 370 : 	 1 9 13 14 6 5 11 10 2 7 8 15 0 3 4 12 
 Node State 371 : 	 1 9 13 14 6 5 11 10 2 0 8 15 3 7 4 12 
 Node State 372 : 	 1 9 13 14 6 5 11 10 2 7 8 0 3 4 12 15 
 Node State 373 : 	 6 1 9 14 0 5 13 10 2 7 11 15 3 4 8 12 
 Node State 374 : 	 1 5 9 14 0 6 13 10 2 7 11 15 3 4 8 12 
 Node State 375 : 	 1 5 9 14 6 13 0 10 2 7 11 15 3 4 8 12 
 Node State 376 : 	 1 5 9 14 6 7 13 10 2 0 11 15 3 4 8 12 
 Node State 377 : 	 1 9 14 10 6 5 13 15 2 7 11 0 3 4 8 12 
 Node State 378 : 	 1 9 13 14 6 5 10 15 3 2 7 11 0 4 8 12 
 Node State 379 : 	 1 9 13 14 0 5 10 15 6 2 7 11 3 4 8 12 
 Node State 380 : 	 1 9 13 14 6 5 10 15 2 4 7 11 0 3 8 12 
 Node State 381 : 	 1 9 13 14 6 5 10 15 2 4 7 11 3 8 0 12 
 Node State 382 : 	 1 9 13 14 0 6 10 15 2 5 7 11 3 4 8 12 
 Node State 383 : 	 1 9 13 14 6 10 0 15 2 5 7 11 3 4 8 12 
 Node State 384 : 	 1 0 13 14 6 9 10 15 2 5 7 11 3 4 8 12 
 Node State 385 : 	 1 9 13 14 6 5 10 15 2 7 8 11 0 3 4 12 
 Node State 386 : 	 1 9 13 14 6 5 10 15 2 0 8 11 3 7 4 12 
 Node State 387 : 	 1 9 13 14 6 5 10 15 2 7 8 0 3 4 12 11 
 Node State 388 : 	 1 9 13 14 0 6 5 15 2 7 10 11 3 4 8 12 
 Node State 389 : 	 1 9 13 14 6 7 5 15 2 0 10 11 3 4 8 12 
 Node State 390 : 	 1 0 13 14 6 9 5 15 2 7 10 11 3 4 8 12 
 Node State 391 : 	 1 9 13 14 6 5 15 11 2 7 10 0 3 4 8 12 
 Node State 392 : 	 1 9 13 0 6 5 15 14 2 7 10 11 3 4 8 12 
 Node State 393 : 	 1 0 9 14 6 5 13 15 2 7 10 11 3 4 8 12 
 Node State 394 : 	 1 9 14 0 6 5 13 15 2 7 10 11 3 4 8 12 
 Node State 395 : 	 1 9 13 14 6 5 10 15 2 7 11 12 0 3 4 8 
 Node State 396 : 	 1 9 13 14 6 5 10 15 2 0 11 12 3 7 4 8 
 Node State 397 : 	 1 9 13 14 6 5 10 15 2 0 7 12 3 4 11 8 
 Node State 398 : 	 1 9 13 14 6 5 10 15 2 7 12 0 3 4 11 8 
 Node State 399 : 	 1 9 13 14 6 5 0 15 2 7 10 12 3 4 11 8 
 Node State 400 : 	 1 9 10 13 2 6 5 14 7 11 15 0 3 4 8 12 
 Node State 401 : 	 1 9 10 13 2 6 5 14 7 11 8 15 3 4 0 12 
 Node State 402 : 	 1 9 10 13 2 6 0 14 7 11 5 15 3 4 8 12 
 Node State 403 : 	 1 9 10 13 2 6 5 14 7 4 11 15 0 3 8 12 
 Node State 404 : 	 1 9 10 13 2 6 5 14 7 4 11 15 3 8 0 12 
 Node State 405 : 	 1 9 10 13 0 2 5 14 7 6 11 15 3 4 8 12 
 Node State 406 : 	 1 9 10 13 2 5 0 14 7 6 11 15 3 4 8 12 
 Node State 407 : 	 1 0 10 13 2 9 5 14 7 6 11 15 3 4 8 12 
 Node State 408 : 	 1 9 10 13 2 6 5 14 3 7 11 15 4 8 0 12 
 Node State 409 : 	 1 9 10 13 2 6 5 14 3 0 11 15 4 7 8 12 
 Node State 410 : 	 9 10 13 0 1 6 5 14 2 7 11 15 3 4 8 12 
 Node State 411 : 	 9 10 5 13 1 6 0 14 2 7 11 15 3 4 8 12 
 Node State 412 : 	 9 6 10 13 0 1 5 14 2 7 11 15 3 4 8 12 
 Node State 413 : 	 9 6 10 13 1 5 0 14 2 7 11 15 3 4 8 12 
 Node State 414 : 	 9 6 10 13 1 7 5 14 2 0 11 15 3 4 8 12 
 Node State 415 : 	 1 9 10 13 6 7 5 14 3 2 11 15 4 8 0 12 
 Node State 416 : 	 1 9 10 13 6 7 5 14 3 0 11 15 4 2 8 12 
 Node State 417 : 	 1 9 10 13 7 5 0 14 6 2 11 15 3 4 8 12 
 Node State 418 : 	 1 9 10 13 7 2 5 14 6 0 11 15 3 4 8 12 
 Node State 419 : 	 1 0 10 13 7 9 5 14 6 2 11 15 3 4 8 12 
 Node State 420 : 	 9 0 10 13 1 7 5 14 6 2 11 15 3 4 8 12 
 Node State 421 : 	 1 9 10 13 6 7 5 14 2 11 15 12 3 4 0 8 
 Node State 422 : 	 1 9 10 13 6 7 0 5 2 11 15 14 3 4 8 12 
 Node State 423 : 	 1 9 10 0 6 7 5 13 2 11 15 14 3 4 8 12 
 Node State 424 : 	 1 9 10 13 6 7 5 14 2 11 8 15 0 3 4 12 
 Node State 425 : 	 1 9 10 13 6 7 5 14 2 0 8 15 3 11 4 12 
 Node State 426 : 	 1 9 10 13 6 7 5 14 2 11 8 0 3 4 12 15 
 Node State 427 : 	 1 9 10 13 0 6 7 14 2 11 5 15 3 4 8 12 
 Node State 428 : 	 1 9 10 13 6 11 7 14 2 0 5 15 3 4 8 12 
 Node State 429 : 	 1 0 10 13 6 9 7 14 2 11 5 15 3 4 8 12 
 Node State 430 : 	 1 9 10 13 6 7 14 15 2 11 5 0 3 4 8 12 
 Node State 431 : 	 1 9 10 0 6 7 14 13 2 11 5 15 3 4 8 12 
 Node State 432 : 	 1 0 9 13 6 7 10 14 2 11 5 15 3 4 8 12 
 Node State 433 : 	 1 9 13 0 6 7 10 14 2 11 5 15 3 4 8 12 
 Node State 434 : 	 1 9 10 13 6 7 5 14 4 0 11 15 2 3 8 12 
 Node State 435 : 	 1 9 10 13 0 7 5 14 6 4 11 15 2 3 8 12 
 Node State 436 : 	 1 9 10 13 6 7 5 14 2 4 11 0 3 8 12 15 
 Node State 437 : 	 1 9 10 13 6 7 5 14 2 0 4 15 3 8 11 12 
 Node State 438 : 	 1 9 10 13 6 7 5 14 2 4 15 0 3 8 11 12 
 Node State 439 : 	 1 9 10 13 6 7 0 14 2 4 5 15 3 8 11 12 
 Node State 440 : 	 6 1 10 13 9 5 0 14 2 7 11 15 3 4 8 12 
 Node State 441 : 	 6 1 10 13 9 7 5 14 2 0 11 15 3 4 8 12 
 Node State 442 : 	 6 0 10 13 9 1 5 14 2 7 11 15 3 4 8 12 
 Node State 443 : 	 6 1 10 13 2 9 5 14 7 0 11 15 3 4 8 12 
 Node State 444 : 	 6 1 10 13 2 9 5 14 3 7 11 15 0 4 8 12 
 Node State 445 : 	 1 10 13 14 6 9 0 5 2 7 11 15 3 4 8 12 
 Node State 446 : 	 1 10 13 14 6 9 5 15 2 7 11 0 3 4 8 12 
 Node State 447 : 	 1 10 5 13 6 9 14 15 2 7 11 0 3 4 8 12 
 Node State 448 : 	 1 10 5 0 6 9 14 13 2 7 11 15 3 4 8 12 
 Node State 449 : 	 1 10 5 13 6 9 11 14 2 0 7 15 3 4 8 12 
 Node State 450 : 	 1 10 5 13 6 9 11 14 2 7 15 0 3 4 8 12 
 Node State 451 : 	 1 10 5 13 6 9 11 14 2 7 8 15 3 4 0 12 
 Node State 452 : 	 1 9 10 13 6 5 14 15 3 2 7 11 0 4 8 12 
 Node State 453 : 	 1 9 10 13 0 5 14 15 6 2 7 11 3 4 8 12 
 Node State 454 : 	 1 9 10 13 6 5 14 15 2 4 7 11 0 3 8 12 
 Node State 455 : 	 1 9 10 13 6 5 14 15 2 4 7 11 3 8 0 12 
 Node State 456 : 	 1 9 10 13 0 6 14 15 2 5 7 11 3 4 8 12 
 Node State 457 : 	 1 9 10 13 6 14 0 15 2 5 7 11 3 4 8 12 
 Node State 458 : 	 1 0 10 13 6 9 14 15 2 5 7 11 3 4 8 12 
 Node State 459 : 	 1 9 10 13 6 5 14 15 2 7 8 11 0 3 4 12 
 Node State 460 : 	 1 9 10 13 6 5 14 15 2 0 8 11 3 7 4 12 
 Node State 461 : 	 1 9 10 13 6 5 14 15 2 7 8 0 3 4 12 11 
 Node State 462 : 	 1 9 10 13 0 6 5 15 2 7 14 11 3 4 8 12 
 Node State 463 : 	 1 9 10 13 6 7 5 15 2 0 14 11 3 4 8 12 
 Node State 464 : 	 1 0 10 13 6 9 5 15 2 7 14 11 3 4 8 12 
 Node State 465 : 	 1 9 10 13 6 5 15 11 2 7 14 0 3 4 8 12 
 Node State 466 : 	 1 9 10 0 6 5 15 13 2 7 14 11 3 4 8 12 
 Node State 467 : 	 1 0 9 13 6 5 10 15 2 7 14 11 3 4 8 12 
 Node State 468 : 	 1 9 13 0 6 5 10 15 2 7 14 11 3 4 8 12 
 Node State 469 : 	 1 9 10 13 6 5 14 15 2 7 11 12 0 3 4 8 
 Node State 470 : 	 1 9 10 13 6 5 14 15 2 0 11 12 3 7 4 8 
 Node State 471 : 	 1 9 10 13 6 5 14 15 2 0 7 12 3 4 11 8 
 Node State 472 : 	 1 9 10 13 6 5 14 15 2 7 12 0 3 4 11 8 
 Node State 473 : 	 1 9 10 13 6 5 0 15 2 7 14 12 3 4 11 8 
 Node State 474 : 	 6 1 9 10 0 5 14 13 2 7 11 15 3 4 8 12 
 Node State 475 : 	 1 5 9 10 0 6 14 13 2 7 11 15 3 4 8 12 
 Node State 476 : 	 1 5 9 10 6 14 0 13 2 7 11 15 3 4 8 12 
 Node State 477 : 	 1 5 9 10 6 7 14 13 2 0 11 15 3 4 8 12 
 Node State 478 : 	 1 9 14 10 0 6 5 13 2 7 11 15 3 4 8 12 
 Node State 479 : 	 1 9 14 10 6 7 5 13 2 0 11 15 3 4 8 12 
 Node State 480 : 	 1 0 14 10 6 9 5 13 2 7 11 15 3 4 8 12 
 Node State 481 : 	 1 9 14 10 6 5 11 13 2 0 7 15 3 4 8 12 
 Node State 482 : 	 1 9 14 10 6 5 11 13 2 7 15 0 3 4 8 12 
 Node State 483 : 	 1 9 14 10 6 5 11 13 2 7 8 15 3 4 0 12 
 Node State 484 : 	 1 9 10 13 6 5 11 14 3 2 7 15 4 8 0 12 
 Node State 485 : 	 1 9 10 13 6 5 11 14 3 0 7 15 4 2 8 12 
 Node State 486 : 	 1 9 10 13 5 11 0 14 6 2 7 15 3 4 8 12 
 Node State 487 : 	 1 9 10 13 5 2 11 14 6 0 7 15 3 4 8 12 
 Node State 488 : 	 1 0 10 13 5 9 11 14 6 2 7 15 3 4 8 12 
 Node State 489 : 	 9 0 10 13 1 5 11 14 6 2 7 15 3 4 8 12 
 Node State 490 : 	 1 9 10 13 6 5 11 14 4 0 7 15 2 3 8 12 
 Node State 491 : 	 1 9 10 13 0 5 11 14 6 4 7 15 2 3 8 12 
 Node State 492 : 	 1 9 10 13 6 5 11 14 2 4 7 0 3 8 12 15 
 Node State 493 : 	 1 9 10 13 6 5 11 14 2 0 4 15 3 8 7 12 
 Node State 494 : 	 1 9 10 13 6 5 11 14 2 4 15 0 3 8 7 12 
 Node State 495 : 	 1 9 10 13 6 5 0 14 2 4 11 15 3 8 7 12 
 Node State 496 : 	 1 9 10 13 2 6 11 14 5 0 7 15 3 4 8 12 
 Node State 497 : 	 1 9 10 13 2 6 11 14 3 5 7 15 0 4 8 12 
 Node State 498 : 	 9 0 10 13 1 6 11 14 2 5 7 15 3 4 8 12 
 Node State 499 : 	 1 9 10 13 6 11 14 15 2 5 7 0 3 4 8 12 
 Node State 500 : 	 1 9 10 0 6 11 14 13 2 5 7 15 3 4 8 12 
 Node State 501 : 	 1 9 10 13 6 11 7 14 2 5 15 0 3 4 8 12 
 Node State 502 : 	 1 9 10 13 6 11 7 14 2 5 8 15 3 4 0 12 
 Node State 503 : 	 1 0 9 13 6 11 10 14 2 5 7 15 3 4 8 12 
 Node State 504 : 	 1 9 13 0 6 11 10 14 2 5 7 15 3 4 8 12 
 Node State 505 : 	 6 1 10 13 0 9 11 14 2 5 7 15 3 4 8 12 
 Node State 506 : 	 1 10 13 0 6 9 11 14 2 5 7 15 3 4 8 12 
 Node State 507 : 	 1 10 11 13 6 9 0 14 2 5 7 15 3 4 8 12 
 Node State 508 : 	 1 9 10 13 6 5 11 14 2 7 15 12 0 3 4 8 
 Node State 509 : 	 1 9 10 13 6 5 11 14 2 0 15 12 3 7 4 8 
 Node State 510 : 	 1 9 10 13 6 5 11 14 2 0 7 12 3 4 15 8 
 Node State 511 : 	 1 9 10 13 6 5 11 14 2 7 12 0 3 4 15 8 
 Node State 512 : 	 1 9 10 13 6 5 0 14 2 7 11 12 3 4 15 8 
 Node State 513 : 	 1 9 10 13 0 6 5 11 2 7 15 14 3 4 8 12 
 Node State 514 : 	 1 9 10 13 6 7 5 11 2 0 15 14 3 4 8 12 
 Node State 515 : 	 1 0 10 13 6 9 5 11 2 7 15 14 3 4 8 12 
 Node State 516 : 	 1 9 10 13 6 5 15 11 2 0 7 14 3 4 8 12 
 Node State 517 : 	 1 9 10 13 6 5 15 11 2 7 8 14 3 4 0 12 
 Node State 518 : 	 1 0 9 13 6 5 10 11 2 7 15 14 3 4 8 12 
 Node State 519 : 	 1 9 13 0 6 5 10 11 2 7 15 14 3 4 8 12 
 Node State 520 : 	 1 0 9 10 6 5 11 13 2 7 15 14 3 4 8 12 
 Node State 521 : 	 1 9 11 10 6 5 0 13 2 7 15 14 3 4 8 12 
 Node State 522 : 	 1 9 10 13 6 5 11 14 7 0 8 15 2 3 4 12 
 Node State 523 : 	 1 9 10 13 0 5 11 14 6 7 8 15 2 3 4 12 
 Node State 524 : 	 1 9 10 13 6 5 11 14 3 2 8 15 0 7 4 12 
 Node State 525 : 	 1 9 10 13 0 5 11 14 6 2 8 15 3 7 4 12 
 Node State 526 : 	 1 9 10 13 6 5 11 14 2 8 15 0 3 7 4 12 
 Node State 527 : 	 1 9 10 13 6 5 11 14 2 8 4 15 3 7 0 12 
 Node State 528 : 	 1 9 10 13 6 5 0 14 2 8 11 15 3 7 4 12 
 Node State 529 : 	 1 9 10 13 0 6 11 14 2 5 8 15 3 7 4 12 
 Node State 530 : 	 1 9 10 13 6 11 0 14 2 5 8 15 3 7 4 12 
 Node State 531 : 	 1 0 10 13 6 9 11 14 2 5 8 15 3 7 4 12 
 Node State 532 : 	 1 9 10 13 6 5 11 14 2 0 7 8 3 4 12 15 
 Node State 533 : 	 1 9 10 13 6 5 11 14 2 7 12 8 3 4 0 15 
 Node State 534 : 	 1 9 10 13 6 5 0 14 2 7 11 8 3 4 12 15 
 Node State 535 : 	 1 9 10 13 6 5 0 11 2 7 8 14 3 4 12 15 
 Node State 536 : 	 1 9 10 0 6 5 11 13 2 7 8 14 3 4 12 15 
 Node State 537 : 	 6 1 9 13 5 10 14 15 2 7 0 11 3 4 8 12 
 Node State 538 : 	 6 1 9 13 5 10 14 15 2 7 11 12 3 4 8 0 
 Node State 539 : 	 6 1 0 9 5 10 14 13 2 7 11 15 3 4 8 12 
 Node State 540 : 	 6 1 9 13 5 10 11 14 0 2 7 15 3 4 8 12 
 Node State 541 : 	 6 1 9 13 5 10 11 14 2 4 7 15 3 0 8 12 
 Node State 542 : 	 6 1 9 13 5 0 11 14 2 10 7 15 3 4 8 12 
 Node State 543 : 	 6 1 9 13 5 10 11 14 2 7 15 12 3 4 8 0 
 Node State 544 : 	 6 1 9 13 5 10 11 0 2 7 15 14 3 4 8 12 
 Node State 545 : 	 6 1 9 13 5 10 11 14 2 7 8 15 3 0 4 12 
 Node State 546 : 	 6 1 9 13 5 10 11 14 2 7 8 15 3 4 12 0 
 Node State 547 : 	 0 6 1 13 5 10 9 14 2 7 11 15 3 4 8 12 
 Node State 548 : 	 6 10 1 13 5 0 9 14 2 7 11 15 3 4 8 12 
 Node State 549 : 	 6 1 13 14 5 10 9 0 2 7 11 15 3 4 8 12 
 Node State 550 : 	 6 1 9 13 5 7 10 14 3 2 11 15 4 0 8 12 
 Node State 551 : 	 6 1 9 13 7 0 10 14 5 2 11 15 3 4 8 12 
 Node State 552 : 	 0 1 9 13 6 7 10 14 5 2 11 15 3 4 8 12 
 Node State 553 : 	 6 1 9 13 5 7 10 14 2 11 15 12 3 4 8 0 
 Node State 554 : 	 6 1 9 13 5 7 10 0 2 11 15 14 3 4 8 12 
 Node State 555 : 	 6 1 9 13 5 7 10 14 2 11 8 15 3 0 4 12 
 Node State 556 : 	 6 1 9 13 5 7 10 14 2 11 8 15 3 4 12 0 
 Node State 557 : 	 6 1 9 13 5 0 7 14 2 11 10 15 3 4 8 12 
 Node State 558 : 	 6 1 9 13 5 7 14 0 2 11 10 15 3 4 8 12 
 Node State 559 : 	 6 1 0 13 5 7 9 14 2 11 10 15 3 4 8 12 
 Node State 560 : 	 6 1 9 13 5 7 10 14 0 4 11 15 2 3 8 12 
 Node State 561 : 	 6 1 9 13 5 7 10 14 2 4 11 15 3 8 12 0 
 Node State 562 : 	 6 1 9 13 5 7 10 14 2 4 0 15 3 8 11 12 
 Node State 563 : 	 5 6 9 13 2 1 10 14 0 7 11 15 3 4 8 12 
 Node State 564 : 	 6 9 13 14 5 1 10 0 2 7 11 15 3 4 8 12 
 Node State 565 : 	 6 9 10 13 5 0 1 14 2 7 11 15 3 4 8 12 
 Node State 566 : 	 6 9 10 13 5 1 14 0 2 7 11 15 3 4 8 12 
 Node State 567 : 	 6 9 10 13 5 1 11 14 2 7 0 15 3 4 8 12 
 Node State 568 : 	 6 1 9 13 2 5 10 14 7 11 15 12 3 4 8 0 
 Node State 569 : 	 6 1 9 13 2 5 10 0 7 11 15 14 3 4 8 12 
 Node State 570 : 	 6 1 9 13 2 5 10 14 7 11 8 15 3 0 4 12 
 Node State 571 : 	 6 1 9 13 2 5 10 14 7 11 8 15 3 4 12 0 
 Node State 572 : 	 6 1 9 13 2 0 5 14 7 11 10 15 3 4 8 12 
 Node State 573 : 	 6 1 9 13 2 5 14 0 7 11 10 15 3 4 8 12 
 Node State 574 : 	 6 1 0 13 2 5 9 14 7 11 10 15 3 4 8 12 
 Node State 575 : 	 6 1 9 13 2 5 10 14 0 4 11 15 7 3 8 12 
 Node State 576 : 	 6 1 9 13 2 5 10 14 7 4 11 15 3 8 12 0 
 Node State 577 : 	 6 1 9 13 2 5 10 14 7 4 0 15 3 8 11 12 
 Node State 578 : 	 6 1 9 13 7 2 10 14 0 5 11 15 3 4 8 12 
 Node State 579 : 	 0 1 9 13 6 2 10 14 7 5 11 15 3 4 8 12 
 Node State 580 : 	 6 1 9 13 2 10 14 0 7 5 11 15 3 4 8 12 
 Node State 581 : 	 6 1 9 13 2 10 11 14 7 5 0 15 3 4 8 12 
 Node State 582 : 	 6 1 0 13 2 10 9 14 7 5 11 15 3 4 8 12 
 Node State 583 : 	 0 6 9 13 2 1 10 14 7 5 11 15 3 4 8 12 
 Node State 584 : 	 6 9 0 13 2 1 10 14 7 5 11 15 3 4 8 12 
 Node State 585 : 	 6 1 9 13 2 5 10 14 3 7 11 15 4 8 12 0 
 Node State 586 : 	 6 1 9 13 2 5 10 14 3 7 0 15 4 8 11 12 
 Node State 587 : 	 6 1 9 13 2 5 10 14 0 3 11 15 4 7 8 12 
 Node State 588 : 	 6 1 9 13 2 5 10 14 3 11 0 15 4 7 8 12 
 Node State 589 : 	 6 1 9 13 2 0 10 14 3 5 11 15 4 7 8 12 
 Node State 590 : 	 1 5 9 13 2 6 10 14 7 11 15 12 3 4 8 0 
 Node State 591 : 	 1 5 9 13 2 6 10 0 7 11 15 14 3 4 8 12 
 Node State 592 : 	 1 5 9 13 2 6 10 14 7 11 8 15 3 0 4 12 
 Node State 593 : 	 1 5 9 13 2 6 10 14 7 11 8 15 3 4 12 0 
 Node State 594 : 	 1 5 9 13 2 0 6 14 7 11 10 15 3 4 8 12 
 Node State 595 : 	 1 5 9 13 2 6 14 0 7 11 10 15 3 4 8 12 
 Node State 596 : 	 1 5 0 13 2 6 9 14 7 11 10 15 3 4 8 12 
 Node State 597 : 	 1 5 9 13 2 6 10 14 0 4 11 15 7 3 8 12 
 Node State 598 : 	 1 5 9 13 2 6 10 14 7 4 11 15 3 8 12 0 
 Node State 599 : 	 1 5 9 13 2 6 10 14 7 4 0 15 3 8 11 12 
 Node State 600 : 	 1 5 9 13 7 2 10 14 0 6 11 15 3 4 8 12 
 Node State 601 : 	 0 5 9 13 1 2 10 14 7 6 11 15 3 4 8 12 
 Node State 602 : 	 1 5 9 13 2 10 14 0 7 6 11 15 3 4 8 12 
 Node State 603 : 	 1 5 9 13 2 10 11 14 7 6 0 15 3 4 8 12 
 Node State 604 : 	 1 5 0 13 2 10 9 14 7 6 11 15 3 4 8 12 
 Node State 605 : 	 0 1 9 13 2 5 10 14 7 6 11 15 3 4 8 12 
 Node State 606 : 	 1 9 0 13 2 5 10 14 7 6 11 15 3 4 8 12 
 Node State 607 : 	 1 5 9 13 2 6 10 14 3 7 11 15 4 8 12 0 
 Node State 608 : 	 1 5 9 13 2 6 10 14 3 7 0 15 4 8 11 12 
 Node State 609 : 	 1 5 9 13 2 6 10 14 0 3 11 15 4 7 8 12 
 Node State 610 : 	 1 5 9 13 2 6 10 14 3 11 0 15 4 7 8 12 
 Node State 611 : 	 1 5 9 13 2 0 10 14 3 6 11 15 4 7 8 12 
 Node State 612 : 	 5 9 13 14 1 6 10 0 2 7 11 15 3 4 8 12 
 Node State 613 : 	 5 9 10 13 1 0 6 14 2 7 11 15 3 4 8 12 
 Node State 614 : 	 5 9 10 13 1 6 14 0 2 7 11 15 3 4 8 12 
 Node State 615 : 	 5 9 10 13 1 6 11 14 2 7 0 15 3 4 8 12 
 Node State 616 : 	 5 6 9 13 1 10 14 0 2 7 11 15 3 4 8 12 
 Node State 617 : 	 5 6 9 13 1 10 11 14 2 7 0 15 3 4 8 12 
 Node State 618 : 	 5 6 0 13 1 10 9 14 2 7 11 15 3 4 8 12 
 Node State 619 : 	 5 6 9 13 1 7 10 14 0 2 11 15 3 4 8 12 
 Node State 620 : 	 5 6 9 13 1 7 10 14 2 11 0 15 3 4 8 12 
 Node State 621 : 	 5 6 9 13 1 7 10 14 2 4 11 15 3 0 8 12 
 Node State 622 : 	 1 5 9 13 6 10 14 15 0 2 7 11 3 4 8 12 
 Node State 623 : 	 1 5 9 13 6 10 14 15 2 4 7 11 3 0 8 12 
 Node State 624 : 	 1 5 9 13 6 0 14 15 2 10 7 11 3 4 8 12 
 Node State 625 : 	 1 5 9 13 6 10 14 15 2 7 8 11 3 0 4 12 
 Node State 626 : 	 1 5 9 13 6 10 14 15 2 7 8 11 3 4 12 0 
 Node State 627 : 	 1 5 9 13 6 0 10 15 2 7 14 11 3 4 8 12 
 Node State 628 : 	 1 5 9 13 6 10 15 0 2 7 14 11 3 4 8 12 
 Node State 629 : 	 1 5 0 13 6 10 9 15 2 7 14 11 3 4 8 12 
 Node State 630 : 	 1 5 9 13 6 10 14 15 2 7 11 12 3 0 4 8 
 Node State 631 : 	 1 5 9 13 6 10 14 15 2 7 0 12 3 4 11 8 
 Node State 632 : 	 0 1 5 9 6 10 14 13 2 7 11 15 3 4 8 12 
 Node State 633 : 	 1 10 5 9 6 0 14 13 2 7 11 15 3 4 8 12 
 Node State 634 : 	 1 5 14 9 6 0 10 13 2 7 11 15 3 4 8 12 
 Node State 635 : 	 1 5 14 9 6 10 13 0 2 7 11 15 3 4 8 12 
 Node State 636 : 	 1 5 14 9 6 10 11 13 2 7 0 15 3 4 8 12 
 Node State 637 : 	 1 5 9 13 6 10 11 14 3 2 7 15 4 0 8 12 
 Node State 638 : 	 1 5 9 13 10 0 11 14 6 2 7 15 3 4 8 12 
 Node State 639 : 	 0 5 9 13 1 10 11 14 6 2 7 15 3 4 8 12 
 Node State 640 : 	 1 5 9 13 6 10 11 14 0 4 7 15 2 3 8 12 
 Node State 641 : 	 1 5 9 13 6 10 11 14 2 4 7 15 3 8 12 0 
 Node State 642 : 	 1 5 9 13 6 10 11 14 2 4 0 15 3 8 7 12 
 Node State 643 : 	 1 5 9 13 2 6 11 14 0 10 7 15 3 4 8 12 
 Node State 644 : 	 0 5 9 13 1 6 11 14 2 10 7 15 3 4 8 12 
 Node State 645 : 	 1 5 9 13 6 11 14 0 2 10 7 15 3 4 8 12 
 Node State 646 : 	 1 5 9 13 6 11 7 14 2 10 0 15 3 4 8 12 
 Node State 647 : 	 1 5 0 13 6 11 9 14 2 10 7 15 3 4 8 12 
 Node State 648 : 	 0 1 9 13 6 5 11 14 2 10 7 15 3 4 8 12 
 Node State 649 : 	 1 9 0 13 6 5 11 14 2 10 7 15 3 4 8 12 
 Node State 650 : 	 1 5 9 13 6 10 11 14 2 7 15 12 3 0 4 8 
 Node State 651 : 	 1 5 9 13 6 10 11 14 2 7 0 12 3 4 15 8 
 Node State 652 : 	 1 5 9 13 6 0 10 11 2 7 15 14 3 4 8 12 
 Node State 653 : 	 1 5 9 13 6 10 15 11 2 7 0 14 3 4 8 12 
 Node State 654 : 	 1 5 0 13 6 10 9 11 2 7 15 14 3 4 8 12 
 Node State 655 : 	 1 5 0 9 6 10 11 13 2 7 15 14 3 4 8 12 
 Node State 656 : 	 1 5 9 13 6 10 11 14 0 7 8 15 2 3 4 12 
 Node State 657 : 	 1 5 9 13 6 10 11 14 0 2 8 15 3 7 4 12 
 Node State 658 : 	 1 5 9 13 6 10 11 14 2 8 0 15 3 7 4 12 
 Node State 659 : 	 1 5 9 13 6 0 11 14 2 10 8 15 3 7 4 12 
 Node State 660 : 	 1 5 9 13 6 10 11 14 2 7 0 8 3 4 12 15 
 Node State 661 : 	 1 5 9 13 6 10 11 0 2 7 8 14 3 4 12 15 
 Node State 662 : 	 6 1 5 13 10 0 9 14 2 7 11 15 3 4 8 12 
 Node State 663 : 	 6 1 5 13 2 10 9 14 0 7 11 15 3 4 8 12 
 Node State 664 : 	 1 10 5 13 2 6 9 14 0 7 11 15 3 4 8 12 
 Node State 665 : 	 0 10 5 13 1 6 9 14 2 7 11 15 3 4 8 12 
 Node State 666 : 	 1 10 5 13 6 7 9 14 0 2 11 15 3 4 8 12 
 Node State 667 : 	 1 10 5 13 6 7 9 14 2 11 0 15 3 4 8 12 
 Node State 668 : 	 1 10 5 13 6 7 9 14 2 4 11 15 3 0 8 12 
 Node State 669 : 	 1 5 13 14 6 0 10 9 2 7 11 15 3 4 8 12 
 Node State 670 : 	 1 5 13 14 6 10 11 9 2 7 0 15 3 4 8 12 
 Node State 671 : 	 1 5 0 14 6 10 13 9 2 7 11 15 3 4 8 12 
 Node State 672 : 	 1 5 13 14 6 10 9 15 2 7 0 11 3 4 8 12 
 Node State 673 : 	 1 5 13 14 6 10 9 15 2 7 11 12 3 4 8 0 
 Node State 674 : 	 1 5 9 13 6 7 10 14 3 2 11 15 4 8 12 0 
 Node State 675 : 	 1 5 9 13 6 7 10 14 3 2 0 15 4 8 11 12 
 Node State 676 : 	 1 5 9 13 6 7 10 14 0 3 11 15 4 2 8 12 
 Node State 677 : 	 1 5 9 13 6 7 10 14 3 11 0 15 4 2 8 12 
 Node State 678 : 	 1 5 9 13 6 0 10 14 3 7 11 15 4 2 8 12 
 Node State 679 : 	 1 5 9 13 7 10 14 0 6 2 11 15 3 4 8 12 
 Node State 680 : 	 1 5 9 13 7 10 11 14 6 2 0 15 3 4 8 12 
 Node State 681 : 	 1 5 0 13 7 10 9 14 6 2 11 15 3 4 8 12 
 Node State 682 : 	 1 5 9 13 7 2 10 14 6 11 0 15 3 4 8 12 
 Node State 683 : 	 1 5 9 13 7 2 10 14 6 4 11 15 3 0 8 12 
 Node State 684 : 	 0 1 9 13 7 5 10 14 6 2 11 15 3 4 8 12 
 Node State 685 : 	 1 9 0 13 7 5 10 14 6 2 11 15 3 4 8 12 
 Node State 686 : 	 5 9 0 13 1 7 10 14 6 2 11 15 3 4 8 12 
 Node State 687 : 	 5 7 9 13 1 0 10 14 6 2 11 15 3 4 8 12 
 Node State 688 : 	 1 5 9 13 6 7 10 14 2 11 15 12 3 0 4 8 
 Node State 689 : 	 1 5 9 13 6 7 10 14 2 11 0 12 3 4 15 8 
 Node State 690 : 	 1 5 9 13 6 0 7 10 2 11 15 14 3 4 8 12 
 Node State 691 : 	 1 5 9 13 6 7 15 10 2 11 0 14 3 4 8 12 
 Node State 692 : 	 1 5 0 13 6 7 9 10 2 11 15 14 3 4 8 12 
 Node State 693 : 	 1 5 0 9 6 7 10 13 2 11 15 14 3 4 8 12 
 Node State 694 : 	 1 5 9 13 6 7 10 14 0 11 8 15 2 3 4 12 
 Node State 695 : 	 1 5 9 13 6 7 10 14 0 2 8 15 3 11 4 12 
 Node State 696 : 	 1 5 9 13 6 7 10 14 2 8 0 15 3 11 4 12 
 Node State 697 : 	 1 5 9 13 6 0 10 14 2 7 8 15 3 11 4 12 
 Node State 698 : 	 1 5 9 13 6 7 10 14 2 11 0 8 3 4 12 15 
 Node State 699 : 	 1 5 9 13 6 7 10 0 2 11 8 14 3 4 12 15 
 Node State 700 : 	 1 5 9 13 2 6 7 14 0 11 10 15 3 4 8 12 
 Node State 701 : 	 0 5 9 13 1 6 7 14 2 11 10 15 3 4 8 12 
 Node State 702 : 	 1 5 9 13 6 11 7 14 0 2 10 15 3 4 8 12 
 Node State 703 : 	 1 5 9 13 6 11 7 14 2 4 10 15 3 0 8 12 
 Node State 704 : 	 0 1 9 13 6 5 7 14 2 11 10 15 3 4 8 12 
 Node State 705 : 	 1 9 0 13 6 5 7 14 2 11 10 15 3 4 8 12 
 Node State 706 : 	 1 5 9 13 6 7 14 15 2 11 0 10 3 4 8 12 
 Node State 707 : 	 1 5 9 13 6 7 14 15 2 11 10 12 3 4 8 0 
 Node State 708 : 	 1 5 0 9 6 7 14 13 2 11 10 15 3 4 8 12 
 Node State 709 : 	 0 1 5 13 6 7 9 14 2 11 10 15 3 4 8 12 
 Node State 710 : 	 1 7 5 13 6 0 9 14 2 11 10 15 3 4 8 12 
 Node State 711 : 	 1 5 13 14 6 7 9 0 2 11 10 15 3 4 8 12 
 Node State 712 : 	 1 5 9 13 6 7 10 14 4 11 0 15 2 3 8 12 
 Node State 713 : 	 1 5 9 13 6 7 10 14 4 3 11 15 2 0 8 12 
 Node State 714 : 	 1 5 9 13 6 0 10 14 4 7 11 15 2 3 8 12 
 Node State 715 : 	 1 5 9 13 7 0 10 14 6 4 11 15 2 3 8 12 
 Node State 716 : 	 0 5 9 13 1 7 10 14 6 4 11 15 2 3 8 12 
 Node State 717 : 	 1 5 9 13 6 7 10 14 2 4 0 11 3 8 12 15 
 Node State 718 : 	 1 5 9 13 6 7 10 0 2 4 11 14 3 8 12 15 
 Node State 719 : 	 1 5 9 13 6 7 10 14 0 2 4 15 3 8 11 12 
 Node State 720 : 	 1 5 9 13 6 7 10 14 2 8 4 15 3 0 11 12 
 Node State 721 : 	 1 5 9 13 6 0 10 14 2 7 4 15 3 8 11 12 
 Node State 722 : 	 1 5 9 13 6 7 10 14 2 4 15 12 3 8 11 0 
 Node State 723 : 	 1 5 9 13 6 7 10 0 2 4 15 14 3 8 11 12 
 Node State 724 : 	 1 5 9 13 6 0 7 14 2 4 10 15 3 8 11 12 
 Node State 725 : 	 1 5 9 13 6 7 14 0 2 4 10 15 3 8 11 12 
 Node State 726 : 	 1 5 0 13 6 7 9 14 2 4 10 15 3 8 11 12 
 Node State 727 : 	 1 9 13 14 2 6 5 10 7 11 0 15 3 4 8 12 
 Node State 728 : 	 1 9 13 14 2 6 5 10 7 4 11 15 3 0 8 12 
 Node State 729 : 	 1 9 13 14 2 0 5 10 7 6 11 15 3 4 8 12 
 Node State 730 : 	 1 9 13 14 2 6 5 10 3 7 11 15 4 0 8 12 
 Node State 731 : 	 9 13 0 14 1 6 5 10 2 7 11 15 3 4 8 12 
 Node State 732 : 	 9 6 13 14 1 0 5 10 2 7 11 15 3 4 8 12 
 Node State 733 : 	 1 9 13 14 6 7 5 10 3 2 11 15 4 0 8 12 
 Node State 734 : 	 1 9 13 14 7 0 5 10 6 2 11 15 3 4 8 12 
 Node State 735 : 	 0 9 13 14 1 7 5 10 6 2 11 15 3 4 8 12 
 Node State 736 : 	 1 9 13 14 6 7 5 10 2 11 15 12 3 4 8 0 
 Node State 737 : 	 1 9 13 14 6 7 5 0 2 11 15 10 3 4 8 12 
 Node State 738 : 	 1 9 13 14 6 7 5 10 2 11 8 15 3 0 4 12 
 Node State 739 : 	 1 9 13 14 6 7 5 10 2 11 8 15 3 4 12 0 
 Node State 740 : 	 1 9 13 14 6 0 7 10 2 11 5 15 3 4 8 12 
 Node State 741 : 	 1 9 13 14 6 7 10 0 2 11 5 15 3 4 8 12 
 Node State 742 : 	 1 9 0 14 6 7 13 10 2 11 5 15 3 4 8 12 
 Node State 743 : 	 1 9 13 14 6 7 5 10 0 4 11 15 2 3 8 12 
 Node State 744 : 	 1 9 13 14 6 7 5 10 2 4 11 15 3 8 12 0 
 Node State 745 : 	 1 9 13 14 6 7 5 10 2 4 0 15 3 8 11 12 
 Node State 746 : 	 6 1 13 14 9 0 5 10 2 7 11 15 3 4 8 12 
 Node State 747 : 	 6 1 13 14 2 9 5 10 0 7 11 15 3 4 8 12 
 Node State 748 : 	 1 13 14 10 6 9 5 0 2 7 11 15 3 4 8 12 
 Node State 749 : 	 1 13 5 14 6 0 9 10 2 7 11 15 3 4 8 12 
 Node State 750 : 	 1 13 5 14 6 9 10 0 2 7 11 15 3 4 8 12 
 Node State 751 : 	 1 13 5 14 6 9 11 10 2 7 0 15 3 4 8 12 
 Node State 752 : 	 1 9 13 14 6 5 11 10 3 2 7 15 4 0 8 12 
 Node State 753 : 	 1 9 13 14 5 0 11 10 6 2 7 15 3 4 8 12 
 Node State 754 : 	 0 9 13 14 1 5 11 10 6 2 7 15 3 4 8 12 
 Node State 755 : 	 1 9 13 14 6 5 11 10 0 4 7 15 2 3 8 12 
 Node State 756 : 	 1 9 13 14 6 5 11 10 2 4 7 15 3 8 12 0 
 Node State 757 : 	 1 9 13 14 6 5 11 10 2 4 0 15 3 8 7 12 
 Node State 758 : 	 1 9 13 14 2 6 11 10 0 5 7 15 3 4 8 12 
 Node State 759 : 	 0 9 13 14 1 6 11 10 2 5 7 15 3 4 8 12 
 Node State 760 : 	 1 9 13 14 6 11 10 0 2 5 7 15 3 4 8 12 
 Node State 761 : 	 1 9 13 14 6 11 7 10 2 5 0 15 3 4 8 12 
 Node State 762 : 	 1 9 0 14 6 11 13 10 2 5 7 15 3 4 8 12 
 Node State 763 : 	 0 1 13 14 6 9 11 10 2 5 7 15 3 4 8 12 
 Node State 764 : 	 1 13 0 14 6 9 11 10 2 5 7 15 3 4 8 12 
 Node State 765 : 	 1 9 13 14 6 5 11 10 2 7 15 12 3 0 4 8 
 Node State 766 : 	 1 9 13 14 6 5 11 10 2 7 0 12 3 4 15 8 
 Node State 767 : 	 1 9 13 14 6 0 5 11 2 7 15 10 3 4 8 12 
 Node State 768 : 	 1 9 13 14 6 5 15 11 2 7 0 10 3 4 8 12 
 Node State 769 : 	 1 9 0 14 6 5 13 11 2 7 15 10 3 4 8 12 
 Node State 770 : 	 1 9 0 13 6 5 11 14 2 7 15 10 3 4 8 12 
 Node State 771 : 	 1 9 13 14 6 5 11 10 0 7 8 15 2 3 4 12 
 Node State 772 : 	 1 9 13 14 6 5 11 10 0 2 8 15 3 7 4 12 
 Node State 773 : 	 1 9 13 14 6 5 11 10 2 8 0 15 3 7 4 12 
 Node State 774 : 	 1 9 13 14 6 0 11 10 2 5 8 15 3 7 4 12 
 Node State 775 : 	 1 9 13 14 6 5 11 10 2 7 0 8 3 4 12 15 
 Node State 776 : 	 1 9 13 14 6 5 11 0 2 7 8 10 3 4 12 15 
 Node State 777 : 	 6 1 9 14 5 0 13 10 2 7 11 15 3 4 8 12 
 Node State 778 : 	 6 1 9 14 2 5 13 10 0 7 11 15 3 4 8 12 
 Node State 779 : 	 1 5 9 14 2 6 13 10 0 7 11 15 3 4 8 12 
 Node State 780 : 	 0 5 9 14 1 6 13 10 2 7 11 15 3 4 8 12 
 Node State 781 : 	 1 5 9 14 6 13 10 0 2 7 11 15 3 4 8 12 
 Node State 782 : 	 1 5 9 14 6 13 11 10 2 7 0 15 3 4 8 12 
 Node State 783 : 	 1 5 0 14 6 13 9 10 2 7 11 15 3 4 8 12 
 Node State 784 : 	 1 5 9 14 6 7 13 10 0 2 11 15 3 4 8 12 
 Node State 785 : 	 1 5 9 14 6 7 13 10 2 11 0 15 3 4 8 12 
 Node State 786 : 	 1 5 9 14 6 7 13 10 2 4 11 15 3 0 8 12 
 Node State 787 : 	 1 9 14 10 6 5 13 15 2 7 0 11 3 4 8 12 
 Node State 788 : 	 1 9 14 10 6 5 13 15 2 7 11 12 3 4 8 0 
 Node State 789 : 	 1 9 13 14 6 5 10 15 3 2 7 11 4 0 8 12 
 Node State 790 : 	 1 9 13 14 5 0 10 15 6 2 7 11 3 4 8 12 
 Node State 791 : 	 0 9 13 14 1 5 10 15 6 2 7 11 3 4 8 12 
 Node State 792 : 	 1 9 13 14 6 5 10 15 0 4 7 11 2 3 8 12 
 Node State 793 : 	 1 9 13 14 6 5 10 15 2 4 7 11 3 8 12 0 
 Node State 794 : 	 1 9 13 14 6 5 10 15 2 4 0 11 3 8 7 12 
 Node State 795 : 	 1 9 13 14 2 6 10 15 0 5 7 11 3 4 8 12 
 Node State 796 : 	 0 9 13 14 1 6 10 15 2 5 7 11 3 4 8 12 
 Node State 797 : 	 1 9 13 14 6 10 15 0 2 5 7 11 3 4 8 12 
 Node State 798 : 	 1 9 13 14 6 10 7 15 2 5 0 11 3 4 8 12 
 Node State 799 : 	 1 9 0 14 6 10 13 15 2 5 7 11 3 4 8 12 
 Node State 800 : 	 0 1 13 14 6 9 10 15 2 5 7 11 3 4 8 12 
 Node State 801 : 	 1 13 0 14 6 9 10 15 2 5 7 11 3 4 8 12 
 Node State 802 : 	 1 9 13 14 6 5 10 15 0 7 8 11 2 3 4 12 
 Node State 803 : 	 1 9 13 14 6 5 10 15 0 2 8 11 3 7 4 12 
 Node State 804 : 	 1 9 13 14 6 5 10 15 2 8 0 11 3 7 4 12 
 Node State 805 : 	 1 9 13 14 6 0 10 15 2 5 8 11 3 7 4 12 
 Node State 806 : 	 1 9 13 14 6 5 10 15 2 7 0 8 3 4 12 11 
 Node State 807 : 	 1 9 13 14 6 5 10 0 2 7 8 15 3 4 12 11 
 Node State 808 : 	 1 9 13 14 2 6 5 15 0 7 10 11 3 4 8 12 
 Node State 809 : 	 0 9 13 14 1 6 5 15 2 7 10 11 3 4 8 12 
 Node State 810 : 	 1 9 13 14 6 7 5 15 0 2 10 11 3 4 8 12 
 Node State 811 : 	 1 9 13 14 6 7 5 15 2 10 0 11 3 4 8 12 
 Node State 812 : 	 1 9 13 14 6 7 5 15 2 4 10 11 3 0 8 12 
 Node State 813 : 	 0 1 13 14 6 9 5 15 2 7 10 11 3 4 8 12 
 Node State 814 : 	 1 13 0 14 6 9 5 15 2 7 10 11 3 4 8 12 
 Node State 815 : 	 1 9 13 14 6 5 15 11 2 7 10 12 3 4 8 0 
 Node State 816 : 	 1 9 0 13 6 5 15 14 2 7 10 11 3 4 8 12 
 Node State 817 : 	 0 1 9 14 6 5 13 15 2 7 10 11 3 4 8 12 
 Node State 818 : 	 1 5 9 14 6 0 13 15 2 7 10 11 3 4 8 12 
 Node State 819 : 	 1 9 14 15 6 5 13 0 2 7 10 11 3 4 8 12 
 Node State 820 : 	 1 9 13 14 6 5 10 15 0 7 11 12 2 3 4 8 
 Node State 821 : 	 1 9 13 14 6 5 10 15 0 2 11 12 3 7 4 8 
 Node State 822 : 	 1 9 13 14 6 5 10 15 2 11 0 12 3 7 4 8 
 Node State 823 : 	 1 9 13 14 6 0 10 15 2 5 11 12 3 7 4 8 
 Node State 824 : 	 1 9 13 14 6 5 10 15 0 2 7 12 3 4 11 8 
 Node State 825 : 	 1 9 13 14 6 5 10 15 2 4 7 12 3 0 11 8 
 Node State 826 : 	 1 9 13 14 6 0 10 15 2 5 7 12 3 4 11 8 
 Node State 827 : 	 1 9 13 14 6 5 10 15 2 7 12 8 3 4 11 0 
 Node State 828 : 	 1 9 13 14 6 5 10 0 2 7 12 15 3 4 11 8 
 Node State 829 : 	 1 9 13 14 6 0 5 15 2 7 10 12 3 4 11 8 
 Node State 830 : 	 1 9 13 14 6 5 15 0 2 7 10 12 3 4 11 8 
 Node State 831 : 	 1 9 0 14 6 5 13 15 2 7 10 12 3 4 11 8 
 Node State 832 : 	 1 9 10 13 2 6 5 14 7 11 15 12 3 4 8 0 
 Node State 833 : 	 1 9 10 13 2 6 5 0 7 11 15 14 3 4 8 12 
 Node State 834 : 	 1 9 10 13 2 6 5 14 7 11 8 15 3 0 4 12 
 Node State 835 : 	 1 9 10 13 2 6 5 14 7 11 8 15 3 4 12 0 
 Node State 836 : 	 1 9 10 13 2 0 6 14 7 11 5 15 3 4 8 12 
 Node State 837 : 	 1 9 10 13 2 6 14 0 7 11 5 15 3 4 8 12 
 Node State 838 : 	 1 9 0 13 2 6 10 14 7 11 5 15 3 4 8 12 
 Node State 839 : 	 1 9 10 13 2 6 5 14 0 4 11 15 7 3 8 12 
 Node State 840 : 	 1 9 10 13 2 6 5 14 7 4 11 15 3 8 12 0 
 Node State 841 : 	 1 9 10 13 2 6 5 14 7 4 0 15 3 8 11 12 
 Node State 842 : 	 1 9 10 13 7 2 5 14 0 6 11 15 3 4 8 12 
 Node State 843 : 	 0 9 10 13 1 2 5 14 7 6 11 15 3 4 8 12 
 Node State 844 : 	 1 9 10 13 2 5 14 0 7 6 11 15 3 4 8 12 
 Node State 845 : 	 1 9 10 13 2 5 11 14 7 6 0 15 3 4 8 12 
 Node State 846 : 	 0 1 10 13 2 9 5 14 7 6 11 15 3 4 8 12 
 Node State 847 : 	 1 10 0 13 2 9 5 14 7 6 11 15 3 4 8 12 
 Node State 848 : 	 1 9 10 13 2 6 5 14 3 7 11 15 4 8 12 0 
 Node State 849 : 	 1 9 10 13 2 6 5 14 3 7 0 15 4 8 11 12 
 Node State 850 : 	 1 9 10 13 2 6 5 14 0 3 11 15 4 7 8 12 
 Node State 851 : 	 1 9 10 13 2 6 5 14 3 11 0 15 4 7 8 12 
 Node State 852 : 	 1 9 10 13 2 0 5 14 3 6 11 15 4 7 8 12 
 Node State 853 : 	 9 10 13 14 1 6 5 0 2 7 11 15 3 4 8 12 
 Node State 854 : 	 9 10 5 13 1 0 6 14 2 7 11 15 3 4 8 12 
 Node State 855 : 	 9 10 5 13 1 6 14 0 2 7 11 15 3 4 8 12 
 Node State 856 : 	 9 10 5 13 1 6 11 14 2 7 0 15 3 4 8 12 
 Node State 857 : 	 9 6 10 13 2 1 5 14 0 7 11 15 3 4 8 12 
 Node State 858 : 	 0 6 10 13 9 1 5 14 2 7 11 15 3 4 8 12 
 Node State 859 : 	 9 6 10 13 1 5 14 0 2 7 11 15 3 4 8 12 
 Node State 860 : 	 9 6 10 13 1 5 11 14 2 7 0 15 3 4 8 12 
 Node State 861 : 	 9 6 0 13 1 5 10 14 2 7 11 15 3 4 8 12 
 Node State 862 : 	 9 6 10 13 1 7 5 14 0 2 11 15 3 4 8 12 
 Node State 863 : 	 9 6 10 13 1 7 5 14 2 11 0 15 3 4 8 12 
 Node State 864 : 	 9 6 10 13 1 7 5 14 2 4 11 15 3 0 8 12 
 Node State 865 : 	 1 9 10 13 6 7 5 14 3 2 11 15 4 8 12 0 
 Node State 866 : 	 1 9 10 13 6 7 5 14 3 2 0 15 4 8 11 12 
 Node State 867 : 	 1 9 10 13 6 7 5 14 0 3 11 15 4 2 8 12 
 Node State 868 : 	 1 9 10 13 6 7 5 14 3 11 0 15 4 2 8 12 
 Node State 869 : 	 1 9 10 13 6 0 5 14 3 7 11 15 4 2 8 12 
 Node State 870 : 	 1 9 10 13 7 5 14 0 6 2 11 15 3 4 8 12 
 Node State 871 : 	 1 9 10 13 7 5 11 14 6 2 0 15 3 4 8 12 
 Node State 872 : 	 1 9 10 13 7 2 5 14 6 11 0 15 3 4 8 12 
 Node State 873 : 	 1 9 10 13 7 2 5 14 6 4 11 15 3 0 8 12 
 Node State 874 : 	 0 1 10 13 7 9 5 14 6 2 11 15 3 4 8 12 
 Node State 875 : 	 1 10 0 13 7 9 5 14 6 2 11 15 3 4 8 12 
 Node State 876 : 	 9 10 0 13 1 7 5 14 6 2 11 15 3 4 8 12 
 Node State 877 : 	 9 7 10 13 1 0 5 14 6 2 11 15 3 4 8 12 
 Node State 878 : 	 1 9 10 13 6 7 5 14 2 11 15 12 3 0 4 8 
 Node State 879 : 	 1 9 10 13 6 7 5 14 2 11 0 12 3 4 15 8 
 Node State 880 : 	 1 9 10 13 6 0 7 5 2 11 15 14 3 4 8 12 
 Node State 881 : 	 1 9 10 13 6 7 15 5 2 11 0 14 3 4 8 12 
 Node State 882 : 	 1 9 0 13 6 7 10 5 2 11 15 14 3 4 8 12 
 Node State 883 : 	 1 9 0 10 6 7 5 13 2 11 15 14 3 4 8 12 
 Node State 884 : 	 1 9 10 13 6 7 5 14 0 11 8 15 2 3 4 12 
 Node State 885 : 	 1 9 10 13 6 7 5 14 0 2 8 15 3 11 4 12 
 Node State 886 : 	 1 9 10 13 6 7 5 14 2 8 0 15 3 11 4 12 
 Node State 887 : 	 1 9 10 13 6 0 5 14 2 7 8 15 3 11 4 12 
 Node State 888 : 	 1 9 10 13 6 7 5 14 2 11 0 8 3 4 12 15 
 Node State 889 : 	 1 9 10 13 6 7 5 0 2 11 8 14 3 4 12 15 
 Node State 890 : 	 1 9 10 13 2 6 7 14 0 11 5 15 3 4 8 12 
 Node State 891 : 	 0 9 10 13 1 6 7 14 2 11 5 15 3 4 8 12 
 Node State 892 : 	 1 9 10 13 6 11 7 14 0 2 5 15 3 4 8 12 
 Node State 893 : 	 1 9 10 13 6 11 7 14 2 4 5 15 3 0 8 12 
 Node State 894 : 	 0 1 10 13 6 9 7 14 2 11 5 15 3 4 8 12 
 Node State 895 : 	 1 10 0 13 6 9 7 14 2 11 5 15 3 4 8 12 
 Node State 896 : 	 1 9 10 13 6 7 14 15 2 11 0 5 3 4 8 12 
 Node State 897 : 	 1 9 10 13 6 7 14 15 2 11 5 12 3 4 8 0 
 Node State 898 : 	 1 9 0 10 6 7 14 13 2 11 5 15 3 4 8 12 
 Node State 899 : 	 0 1 9 13 6 7 10 14 2 11 5 15 3 4 8 12 
 Node State 900 : 	 1 7 9 13 6 0 10 14 2 11 5 15 3 4 8 12 
 Node State 901 : 	 1 9 10 13 6 7 5 14 4 11 0 15 2 3 8 12 
 Node State 902 : 	 1 9 10 13 6 7 5 14 4 3 11 15 2 0 8 12 
 Node State 903 : 	 1 9 10 13 6 0 5 14 4 7 11 15 2 3 8 12 
 Node State 904 : 	 1 9 10 13 7 0 5 14 6 4 11 15 2 3 8 12 
 Node State 905 : 	 0 9 10 13 1 7 5 14 6 4 11 15 2 3 8 12 
 Node State 906 : 	 1 9 10 13 6 7 5 14 2 4 0 11 3 8 12 15 
 Node State 907 : 	 1 9 10 13 6 7 5 0 2 4 11 14 3 8 12 15 
 Node State 908 : 	 1 9 10 13 6 7 5 14 0 2 4 15 3 8 11 12 
 Node State 909 : 	 1 9 10 13 6 7 5 14 2 8 4 15 3 0 11 12 
 Node State 910 : 	 1 9 10 13 6 0 5 14 2 7 4 15 3 8 11 12 
 Node State 911 : 	 1 9 10 13 6 7 5 14 2 4 15 12 3 8 11 0 
 Node State 912 : 	 1 9 10 13 6 7 5 0 2 4 15 14 3 8 11 12 
 Node State 913 : 	 1 9 10 13 6 0 7 14 2 4 5 15 3 8 11 12 
 Node State 914 : 	 1 9 10 13 6 7 14 0 2 4 5 15 3 8 11 12 
 Node State 915 : 	 1 9 0 13 6 7 10 14 2 4 5 15 3 8 11 12 
 Node State 916 : 	 6 1 10 13 9 5 14 0 2 7 11 15 3 4 8 12 
 Node State 917 : 	 6 1 10 13 9 5 11 14 2 7 0 15 3 4 8 12 
 Node State 918 : 	 6 1 0 13 9 5 10 14 2 7 11 15 3 4 8 12 
 Node State 919 : 	 6 1 10 13 9 7 5 14 0 2 11 15 3 4 8 12 
 Node State 920 : 	 6 1 10 13 9 7 5 14 2 11 0 15 3 4 8 12 
 Node State 921 : 	 6 1 10 13 9 7 5 14 2 4 11 15 3 0 8 12 
 Node State 922 : 	 6 10 0 13 9 1 5 14 2 7 11 15 3 4 8 12 
 Node State 923 : 	 6 1 10 13 2 9 5 14 7 11 0 15 3 4 8 12 
 Node State 924 : 	 6 1 10 13 2 9 5 14 7 4 11 15 3 0 8 12 
 Node State 925 : 	 6 1 10 13 2 0 5 14 7 9 11 15 3 4 8 12 
 Node State 926 : 	 6 1 10 13 2 9 5 14 3 7 11 15 4 0 8 12 
 Node State 927 : 	 1 10 13 14 6 0 9 5 2 7 11 15 3 4 8 12 
 Node State 928 : 	 1 10 13 14 6 9 11 5 2 7 0 15 3 4 8 12 
 Node State 929 : 	 1 10 0 14 6 9 13 5 2 7 11 15 3 4 8 12 
 Node State 930 : 	 1 10 13 14 6 9 5 15 2 7 0 11 3 4 8 12 
 Node State 931 : 	 1 10 13 14 6 9 5 15 2 7 11 12 3 4 8 0 
 Node State 932 : 	 1 10 5 13 6 9 14 15 2 7 0 11 3 4 8 12 
 Node State 933 : 	 1 10 5 13 6 9 14 15 2 7 11 12 3 4 8 0 
 Node State 934 : 	 1 10 0 5 6 9 14 13 2 7 11 15 3 4 8 12 
 Node State 935 : 	 1 10 5 13 6 9 11 14 0 2 7 15 3 4 8 12 
 Node State 936 : 	 1 10 5 13 6 9 11 14 2 4 7 15 3 0 8 12 
 Node State 937 : 	 1 10 5 13 6 0 11 14 2 9 7 15 3 4 8 12 
 Node State 938 : 	 1 10 5 13 6 9 11 14 2 7 15 12 3 4 8 0 
 Node State 939 : 	 1 10 5 13 6 9 11 0 2 7 15 14 3 4 8 12 
 Node State 940 : 	 1 10 5 13 6 9 11 14 2 7 8 15 3 0 4 12 
 Node State 941 : 	 1 10 5 13 6 9 11 14 2 7 8 15 3 4 12 0 
 Node State 942 : 	 1 9 10 13 6 5 14 15 3 2 7 11 4 0 8 12 
 Node State 943 : 	 1 9 10 13 5 0 14 15 6 2 7 11 3 4 8 12 
 Node State 944 : 	 0 9 10 13 1 5 14 15 6 2 7 11 3 4 8 12 
 Node State 945 : 	 1 9 10 13 6 5 14 15 0 4 7 11 2 3 8 12 
 Node State 946 : 	 1 9 10 13 6 5 14 15 2 4 7 11 3 8 12 0 
 Node State 947 : 	 1 9 10 13 6 5 14 15 2 4 0 11 3 8 7 12 
 Node State 948 : 	 1 9 10 13 2 6 14 15 0 5 7 11 3 4 8 12 
 Node State 949 : 	 0 9 10 13 1 6 14 15 2 5 7 11 3 4 8 12 
 Node State 950 : 	 1 9 10 13 6 14 15 0 2 5 7 11 3 4 8 12 
 Node State 951 : 	 1 9 10 13 6 14 7 15 2 5 0 11 3 4 8 12 
 Node State 952 : 	 1 9 0 13 6 14 10 15 2 5 7 11 3 4 8 12 
 Node State 953 : 	 0 1 10 13 6 9 14 15 2 5 7 11 3 4 8 12 
 Node State 954 : 	 1 10 0 13 6 9 14 15 2 5 7 11 3 4 8 12 
 Node State 955 : 	 1 9 10 13 6 5 14 15 0 7 8 11 2 3 4 12 
 Node State 956 : 	 1 9 10 13 6 5 14 15 0 2 8 11 3 7 4 12 
 Node State 957 : 	 1 9 10 13 6 5 14 15 2 8 0 11 3 7 4 12 
 Node State 958 : 	 1 9 10 13 6 0 14 15 2 5 8 11 3 7 4 12 
 Node State 959 : 	 1 9 10 13 6 5 14 15 2 7 0 8 3 4 12 11 
 Node State 960 : 	 1 9 10 13 6 5 14 0 2 7 8 15 3 4 12 11 
 Node State 961 : 	 1 9 10 13 2 6 5 15 0 7 14 11 3 4 8 12 
 Node State 962 : 	 0 9 10 13 1 6 5 15 2 7 14 11 3 4 8 12 
 Node State 963 : 	 1 9 10 13 6 7 5 15 0 2 14 11 3 4 8 12 
 Node State 964 : 	 1 9 10 13 6 7 5 15 2 14 0 11 3 4 8 12 
 Node State 965 : 	 1 9 10 13 6 7 5 15 2 4 14 11 3 0 8 12 
 Node State 966 : 	 0 1 10 13 6 9 5 15 2 7 14 11 3 4 8 12 
 Node State 967 : 	 1 10 0 13 6 9 5 15 2 7 14 11 3 4 8 12 
 Node State 968 : 	 1 9 10 13 6 5 15 11 2 7 14 12 3 4 8 0 
 Node State 969 : 	 1 9 0 10 6 5 15 13 2 7 14 11 3 4 8 12 
 Node State 970 : 	 0 1 9 13 6 5 10 15 2 7 14 11 3 4 8 12 
 Node State 971 : 	 1 9 13 15 6 5 10 0 2 7 14 11 3 4 8 12 
 Node State 972 : 	 1 9 10 13 6 5 14 15 0 7 11 12 2 3 4 8 
 Node State 973 : 	 1 9 10 13 6 5 14 15 0 2 11 12 3 7 4 8 
 Node State 974 : 	 1 9 10 13 6 5 14 15 2 11 0 12 3 7 4 8 
 Node State 975 : 	 1 9 10 13 6 0 14 15 2 5 11 12 3 7 4 8 
 Node State 976 : 	 1 9 10 13 6 5 14 15 0 2 7 12 3 4 11 8 
 Node State 977 : 	 1 9 10 13 6 5 14 15 2 4 7 12 3 0 11 8 
 Node State 978 : 	 1 9 10 13 6 0 14 15 2 5 7 12 3 4 11 8 
 Node State 979 : 	 1 9 10 13 6 5 14 15 2 7 12 8 3 4 11 0 
 Node State 980 : 	 1 9 10 13 6 5 14 0 2 7 12 15 3 4 11 8 
 Node State 981 : 	 1 9 10 13 6 0 5 15 2 7 14 12 3 4 11 8 
 Node State 982 : 	 1 9 10 13 6 5 15 0 2 7 14 12 3 4 11 8 
 Node State 983 : 	 1 9 0 13 6 5 10 15 2 7 14 12 3 4 11 8 
 Node State 984 : 	 6 1 9 10 5 0 14 13 2 7 11 15 3 4 8 12 
 Node State 985 : 	 6 1 9 10 2 5 14 13 0 7 11 15 3 4 8 12 
 Node State 986 : 	 1 5 9 10 2 6 14 13 0 7 11 15 3 4 8 12 
 Node State 987 : 	 0 5 9 10 1 6 14 13 2 7 11 15 3 4 8 12 
 Node State 988 : 	 1 5 9 10 6 14 13 0 2 7 11 15 3 4 8 12 
 Node State 989 : 	 1 5 9 10 6 14 11 13 2 7 0 15 3 4 8 12 
 Node State 990 : 	 1 5 0 10 6 14 9 13 2 7 11 15 3 4 8 12 
 Node State 991 : 	 1 5 9 10 6 7 14 13 0 2 11 15 3 4 8 12 
 Node State 992 : 	 1 5 9 10 6 7 14 13 2 11 0 15 3 4 8 12 
 Node State 993 : 	 1 5 9 10 6 7 14 13 2 4 11 15 3 0 8 12 
 Node State 994 : 	 1 9 14 10 2 6 5 13 0 7 11 15 3 4 8 12 
 Node State 995 : 	 0 9 14 10 1 6 5 13 2 7 11 15 3 4 8 12 
 Node State 996 : 	 1 9 14 10 6 7 5 13 0 2 11 15 3 4 8 12 
 Node State 997 : 	 1 9 14 10 6 7 5 13 2 11 0 15 3 4 8 12 
 Node State 998 : 	 1 9 14 10 6 7 5 13 2 4 11 15 3 0 8 12 
 Node State 999 : 	 0 1 14 10 6 9 5 13 2 7 11 15 3 4 8 12 
 Node State 1000 : 	 1 14 0 10 6 9 5 13 2 7 11 15 3 4 8 12 
 Node State 1001 : 	 1 9 14 10 6 5 11 13 0 2 7 15 3 4 8 12 
 Node State 1002 : 	 1 9 14 10 6 5 11 13 2 4 7 15 3 0 8 12 
 Node State 1003 : 	 1 9 14 10 6 0 11 13 2 5 7 15 3 4 8 12 
 Node State 1004 : 	 1 9 14 10 6 5 11 13 2 7 15 12 3 4 8 0 
 Node State 1005 : 	 1 9 14 10 6 5 11 0 2 7 15 13 3 4 8 12 
 Node State 1006 : 	 1 9 14 10 6 5 11 13 2 7 8 15 3 0 4 12 
 Node State 1007 : 	 1 9 14 10 6 5 11 13 2 7 8 15 3 4 12 0 
 Node State 1008 : 	 1 9 10 13 6 5 11 14 3 2 7 15 4 8 12 0 
 Node State 1009 : 	 1 9 10 13 6 5 11 14 3 2 0 15 4 8 7 12 
 Node State 1010 : 	 1 9 10 13 6 5 11 14 0 3 7 15 4 2 8 12 
 Node State 1011 : 	 1 9 10 13 6 5 11 14 3 7 0 15 4 2 8 12 
 Node State 1012 : 	 1 9 10 13 6 0 11 14 3 5 7 15 4 2 8 12 
 Node State 1013 : 	 1 9 10 13 5 11 14 0 6 2 7 15 3 4 8 12 
 Node State 1014 : 	 1 9 10 13 5 11 7 14 6 2 0 15 3 4 8 12 
 Node State 1015 : 	 1 9 0 13 5 11 10 14 6 2 7 15 3 4 8 12 
 Node State 1016 : 	 1 9 10 13 5 2 11 14 0 6 7 15 3 4 8 12 
 Node State 1017 : 	 1 9 10 13 5 2 11 14 6 7 0 15 3 4 8 12 
 Node State 1018 : 	 1 9 10 13 5 2 11 14 6 4 7 15 3 0 8 12 
 Node State 1019 : 	 0 1 10 13 5 9 11 14 6 2 7 15 3 4 8 12 
 Node State 1020 : 	 1 10 0 13 5 9 11 14 6 2 7 15 3 4 8 12 
 Node State 1021 : 	 9 10 0 13 1 5 11 14 6 2 7 15 3 4 8 12 
 Node State 1022 : 	 9 5 10 13 1 0 11 14 6 2 7 15 3 4 8 12 
 Node State 1023 : 	 1 9 10 13 6 5 11 14 4 7 0 15 2 3 8 12 
 Node State 1024 : 	 1 9 10 13 6 5 11 14 4 3 7 15 2 0 8 12 
 Node State 1025 : 	 1 9 10 13 6 0 11 14 4 5 7 15 2 3 8 12 
 Node State 1026 : 	 1 9 10 13 5 0 11 14 6 4 7 15 2 3 8 12 
 Node State 1027 : 	 0 9 10 13 1 5 11 14 6 4 7 15 2 3 8 12 
 Node State 1028 : 	 1 9 10 13 6 5 11 14 2 4 0 7 3 8 12 15 
 Node State 1029 : 	 1 9 10 13 6 5 11 0 2 4 7 14 3 8 12 15 
 Node State 1030 : 	 1 9 10 13 6 5 11 14 0 2 4 15 3 8 7 12 
 Node State 1031 : 	 1 9 10 13 6 5 11 14 2 8 4 15 3 0 7 12 
 Node State 1032 : 	 1 9 10 13 6 0 11 14 2 5 4 15 3 8 7 12 
 Node State 1033 : 	 1 9 10 13 6 5 11 14 2 4 15 12 3 8 7 0 
 Node State 1034 : 	 1 9 10 13 6 5 11 0 2 4 15 14 3 8 7 12 
 Node State 1035 : 	 1 9 10 13 6 0 5 14 2 4 11 15 3 8 7 12 
 Node State 1036 : 	 1 9 10 13 6 5 14 0 2 4 11 15 3 8 7 12 
 Node State 1037 : 	 1 9 0 13 6 5 10 14 2 4 11 15 3 8 7 12 
 Node State 1038 : 	 1 9 10 13 2 6 11 14 5 7 0 15 3 4 8 12 
 Node State 1039 : 	 1 9 10 13 2 6 11 14 5 4 7 15 3 0 8 12 
 Node State 1040 : 	 1 9 10 13 2 0 11 14 5 6 7 15 3 4 8 12 
 Node State 1041 : 	 1 9 10 13 2 6 11 14 3 5 7 15 4 0 8 12 
 Node State 1042 : 	 9 10 0 13 1 6 11 14 2 5 7 15 3 4 8 12 
 Node State 1043 : 	 9 6 10 13 1 0 11 14 2 5 7 15 3 4 8 12 
 Node State 1044 : 	 1 9 10 13 6 11 14 15 2 5 0 7 3 4 8 12 
 Node State 1045 : 	 1 9 10 13 6 11 14 15 2 5 7 12 3 4 8 0 
 Node State 1046 : 	 1 9 0 10 6 11 14 13 2 5 7 15 3 4 8 12 
 Node State 1047 : 	 1 9 10 13 6 11 7 14 2 5 15 12 3 4 8 0 
 Node State 1048 : 	 1 9 10 13 6 11 7 0 2 5 15 14 3 4 8 12 
 Node State 1049 : 	 1 9 10 13 6 11 7 14 2 5 8 15 3 0 4 12 
 Node State 1050 : 	 1 9 10 13 6 11 7 14 2 5 8 15 3 4 12 0 
 Node State 1051 : 	 0 1 9 13 6 11 10 14 2 5 7 15 3 4 8 12 
 Node State 1052 : 	 1 11 9 13 6 0 10 14 2 5 7 15 3 4 8 12 
 Node State 1053 : 	 6 1 10 13 9 0 11 14 2 5 7 15 3 4 8 12 
 Node State 1054 : 	 6 1 10 13 2 9 11 14 0 5 7 15 3 4 8 12 
 Node State 1055 : 	 1 10 13 14 6 9 11 0 2 5 7 15 3 4 8 12 
 Node State 1056 : 	 1 10 11 13 6 0 9 14 2 5 7 15 3 4 8 12 
 Node State 1057 : 	 1 10 11 13 6 9 14 0 2 5 7 15 3 4 8 12 
 Node State 1058 : 	 1 10 11 13 6 9 7 14 2 5 0 15 3 4 8 12 
 Node State 1059 : 	 1 9 10 13 6 5 11 14 0 7 15 12 2 3 4 8 
 Node State 1060 : 	 1 9 10 13 6 5 11 14 0 2 15 12 3 7 4 8 
 Node State 1061 : 	 1 9 10 13 6 5 11 14 2 15 0 12 3 7 4 8 
 Node State 1062 : 	 1 9 10 13 6 0 11 14 2 5 15 12 3 7 4 8 
 Node State 1063 : 	 1 9 10 13 6 5 11 14 0 2 7 12 3 4 15 8 
 Node State 1064 : 	 1 9 10 13 6 5 11 14 2 4 7 12 3 0 15 8 
 Node State 1065 : 	 1 9 10 13 6 0 11 14 2 5 7 12 3 4 15 8 
 Node State 1066 : 	 1 9 10 13 6 5 11 14 2 7 12 8 3 4 15 0 
 Node State 1067 : 	 1 9 10 13 6 5 11 0 2 7 12 14 3 4 15 8 
 Node State 1068 : 	 1 9 10 13 6 0 5 14 2 7 11 12 3 4 15 8 
 Node State 1069 : 	 1 9 10 13 6 5 14 0 2 7 11 12 3 4 15 8 
 Node State 1070 : 	 1 9 0 13 6 5 10 14 2 7 11 12 3 4 15 8 
 Node State 1071 : 	 1 9 10 13 2 6 5 11 0 7 15 14 3 4 8 12 
 Node State 1072 : 	 0 9 10 13 1 6 5 11 2 7 15 14 3 4 8 12 
 Node State 1073 : 	 1 9 10 13 6 7 5 11 0 2 15 14 3 4 8 12 
 Node State 1074 : 	 1 9 10 13 6 7 5 11 2 15 0 14 3 4 8 12 
 Node State 1075 : 	 1 9 10 13 6 7 5 11 2 4 15 14 3 0 8 12 
 Node State 1076 : 	 0 1 10 13 6 9 5 11 2 7 15 14 3 4 8 12 
 Node State 1077 : 	 1 10 0 13 6 9 5 11 2 7 15 14 3 4 8 12 
 Node State 1078 : 	 1 9 10 13 6 5 15 11 0 2 7 14 3 4 8 12 
 Node State 1079 : 	 1 9 10 13 6 5 15 11 2 4 7 14 3 0 8 12 
 Node State 1080 : 	 1 9 10 13 6 0 15 11 2 5 7 14 3 4 8 12 
 Node State 1081 : 	 1 9 10 13 6 5 15 11 2 7 8 14 3 0 4 12 
 Node State 1082 : 	 1 9 10 13 6 5 15 11 2 7 8 14 3 4 12 0 
 Node State 1083 : 	 0 1 9 13 6 5 10 11 2 7 15 14 3 4 8 12 
 Node State 1084 : 	 1 9 13 11 6 5 10 0 2 7 15 14 3 4 8 12 
 Node State 1085 : 	 0 1 9 10 6 5 11 13 2 7 15 14 3 4 8 12 
 Node State 1086 : 	 1 5 9 10 6 0 11 13 2 7 15 14 3 4 8 12 
 Node State 1087 : 	 1 9 11 10 6 0 5 13 2 7 15 14 3 4 8 12 
 Node State 1088 : 	 1 9 11 10 6 5 13 0 2 7 15 14 3 4 8 12 
 Node State 1089 : 	 1 9 11 10 6 5 15 13 2 7 0 14 3 4 8 12 
 Node State 1090 : 	 1 9 10 13 6 5 11 14 7 8 0 15 2 3 4 12 
 Node State 1091 : 	 1 9 10 13 6 5 11 14 7 3 8 15 2 0 4 12 
 Node State 1092 : 	 1 9 10 13 6 0 11 14 7 5 8 15 2 3 4 12 
 Node State 1093 : 	 1 9 10 13 5 0 11 14 6 7 8 15 2 3 4 12 
 Node State 1094 : 	 0 9 10 13 1 5 11 14 6 7 8 15 2 3 4 12 
 Node State 1095 : 	 1 9 10 13 6 5 11 14 3 2 8 15 7 0 4 12 
 Node State 1096 : 	 1 9 10 13 5 0 11 14 6 2 8 15 3 7 4 12 
 Node State 1097 : 	 0 9 10 13 1 5 11 14 6 2 8 15 3 7 4 12 
 Node State 1098 : 	 1 9 10 13 6 5 11 14 2 8 15 12 3 7 4 0 
 Node State 1099 : 	 1 9 10 13 6 5 11 0 2 8 15 14 3 7 4 12 
 Node State 1100 : 	 1 9 10 13 6 5 11 14 2 8 4 15 3 7 12 0 
 Node State 1101 : 	 1 9 10 13 6 0 5 14 2 8 11 15 3 7 4 12 
 Node State 1102 : 	 1 9 10 13 6 5 14 0 2 8 11 15 3 7 4 12 
 Node State 1103 : 	 1 9 0 13 6 5 10 14 2 8 11 15 3 7 4 12 
 Node State 1104 : 	 1 9 10 13 2 6 11 14 0 5 8 15 3 7 4 12 
 Node State 1105 : 	 0 9 10 13 1 6 11 14 2 5 8 15 3 7 4 12 
 Node State 1106 : 	 1 9 10 13 6 11 14 0 2 5 8 15 3 7 4 12 
 Node State 1107 : 	 1 9 10 13 6 11 8 14 2 5 0 15 3 7 4 12 
 Node State 1108 : 	 1 9 0 13 6 11 10 14 2 5 8 15 3 7 4 12 
 Node State 1109 : 	 0 1 10 13 6 9 11 14 2 5 8 15 3 7 4 12 
 Node State 1110 : 	 1 10 0 13 6 9 11 14 2 5 8 15 3 7 4 12 
 Node State 1111 : 	 1 9 10 13 6 5 11 14 0 2 7 8 3 4 12 15 
 Node State 1112 : 	 1 9 10 13 6 5 11 14 2 4 7 8 3 0 12 15 
 Node State 1113 : 	 1 9 10 13 6 0 11 14 2 5 7 8 3 4 12 15 
 Node State 1114 : 	 1 9 10 13 6 5 11 14 2 7 12 8 3 0 4 15 
 Node State 1115 : 	 1 9 10 13 6 0 5 14 2 7 11 8 3 4 12 15 
 Node State 1116 : 	 1 9 10 13 6 5 14 0 2 7 11 8 3 4 12 15 
 Node State 1117 : 	 1 9 0 13 6 5 10 14 2 7 11 8 3 4 12 15 
 Node State 1118 : 	 1 9 10 13 6 0 5 11 2 7 8 14 3 4 12 15 
 Node State 1119 : 	 1 9 10 13 6 5 8 11 2 7 0 14 3 4 12 15 
 Node State 1120 : 	 1 9 0 13 6 5 10 11 2 7 8 14 3 4 12 15 
 Node State 1121 : 	 1 9 0 10 6 5 11 13 2 7 8 14 3 4 12 15 
 Node State 1122 : 	 6 1 9 13 5 10 14 15 2 0 7 11 3 4 8 12 
 Node State 1123 : 	 6 1 9 13 5 10 14 15 2 7 8 11 3 4 0 12 
 Node State 1124 : 	 6 1 9 13 5 10 0 15 2 7 14 11 3 4 8 12 
 Node State 1125 : 	 6 1 9 13 5 10 14 15 2 7 11 12 3 4 0 8 
 Node State 1126 : 	 6 0 1 9 5 10 14 13 2 7 11 15 3 4 8 12 
 Node State 1127 : 	 6 1 14 9 5 10 0 13 2 7 11 15 3 4 8 12 
 Node State 1128 : 	 6 1 9 13 5 10 11 14 3 2 7 15 0 4 8 12 
 Node State 1129 : 	 6 1 9 13 0 10 11 14 5 2 7 15 3 4 8 12 
 Node State 1130 : 	 6 1 9 13 5 10 11 14 2 4 7 15 0 3 8 12 
 Node State 1131 : 	 6 1 9 13 5 10 11 14 2 4 7 15 3 8 0 12 
 Node State 1132 : 	 6 1 9 13 0 5 11 14 2 10 7 15 3 4 8 12 
 Node State 1133 : 	 6 1 9 13 5 11 0 14 2 10 7 15 3 4 8 12 
 Node State 1134 : 	 6 0 9 13 5 1 11 14 2 10 7 15 3 4 8 12 
 Node State 1135 : 	 6 1 9 13 5 10 11 14 2 7 15 12 3 4 0 8 
 Node State 1136 : 	 6 1 9 13 5 10 0 11 2 7 15 14 3 4 8 12 
 Node State 1137 : 	 6 1 9 0 5 10 11 13 2 7 15 14 3 4 8 12 
 Node State 1138 : 	 6 1 9 13 5 10 11 14 2 7 8 15 0 3 4 12 
 Node State 1139 : 	 6 1 9 13 5 10 11 14 2 0 8 15 3 7 4 12 
 Node State 1140 : 	 6 1 9 13 5 10 11 14 2 7 8 0 3 4 12 15 
 Node State 1141 : 	 5 6 1 13 0 10 9 14 2 7 11 15 3 4 8 12 
 Node State 1142 : 	 6 10 1 13 0 5 9 14 2 7 11 15 3 4 8 12 
 Node State 1143 : 	 6 10 1 13 5 9 0 14 2 7 11 15 3 4 8 12 
 Node State 1144 : 	 6 10 1 13 5 7 9 14 2 0 11 15 3 4 8 12 
 Node State 1145 : 	 6 1 13 14 5 10 0 9 2 7 11 15 3 4 8 12 
 Node State 1146 : 	 6 1 13 14 5 10 9 15 2 7 11 0 3 4 8 12 
 Node State 1147 : 	 6 1 9 13 5 7 10 14 3 2 11 15 4 8 0 12 
 Node State 1148 : 	 6 1 9 13 5 7 10 14 3 0 11 15 4 2 8 12 
 Node State 1149 : 	 6 1 9 13 7 10 0 14 5 2 11 15 3 4 8 12 
 Node State 1150 : 	 6 1 9 13 7 2 10 14 5 0 11 15 3 4 8 12 
 Node State 1151 : 	 6 0 9 13 7 1 10 14 5 2 11 15 3 4 8 12 
 Node State 1152 : 	 1 0 9 13 6 7 10 14 5 2 11 15 3 4 8 12 
 Node State 1153 : 	 6 1 9 13 5 7 10 14 2 11 15 12 3 4 0 8 
 Node State 1154 : 	 6 1 9 13 5 7 0 10 2 11 15 14 3 4 8 12 
 Node State 1155 : 	 6 1 9 0 5 7 10 13 2 11 15 14 3 4 8 12 
 Node State 1156 : 	 6 1 9 13 5 7 10 14 2 11 8 15 0 3 4 12 
 Node State 1157 : 	 6 1 9 13 5 7 10 14 2 0 8 15 3 11 4 12 
 Node State 1158 : 	 6 1 9 13 5 7 10 14 2 11 8 0 3 4 12 15 
 Node State 1159 : 	 6 1 9 13 0 5 7 14 2 11 10 15 3 4 8 12 
 Node State 1160 : 	 6 1 9 13 5 11 7 14 2 0 10 15 3 4 8 12 
 Node State 1161 : 	 6 0 9 13 5 1 7 14 2 11 10 15 3 4 8 12 
 Node State 1162 : 	 6 1 9 13 5 7 14 15 2 11 10 0 3 4 8 12 
 Node State 1163 : 	 6 1 9 0 5 7 14 13 2 11 10 15 3 4 8 12 
 Node State 1164 : 	 6 0 1 13 5 7 9 14 2 11 10 15 3 4 8 12 
 Node State 1165 : 	 6 1 13 0 5 7 9 14 2 11 10 15 3 4 8 12 
 Node State 1166 : 	 6 1 9 13 5 7 10 14 4 0 11 15 2 3 8 12 
 Node State 1167 : 	 6 1 9 13 0 7 10 14 5 4 11 15 2 3 8 12 
 Node State 1168 : 	 6 1 9 13 5 7 10 14 2 4 11 0 3 8 12 15 
 Node State 1169 : 	 6 1 9 13 5 7 10 14 2 0 4 15 3 8 11 12 
 Node State 1170 : 	 6 1 9 13 5 7 10 14 2 4 15 0 3 8 11 12 
 Node State 1171 : 	 6 1 9 13 5 7 0 14 2 4 10 15 3 8 11 12 
 Node State 1172 : 	 5 6 9 13 2 1 10 14 7 0 11 15 3 4 8 12 
 Node State 1173 : 	 5 6 9 13 2 1 10 14 3 7 11 15 0 4 8 12 
 Node State 1174 : 	 6 9 13 14 5 1 0 10 2 7 11 15 3 4 8 12 
 Node State 1175 : 	 6 9 13 14 5 1 10 15 2 7 11 0 3 4 8 12 
 Node State 1176 : 	 6 9 10 13 0 5 1 14 2 7 11 15 3 4 8 12 
 Node State 1177 : 	 6 9 10 13 5 7 1 14 2 0 11 15 3 4 8 12 
 Node State 1178 : 	 6 0 10 13 5 9 1 14 2 7 11 15 3 4 8 12 
 Node State 1179 : 	 6 9 10 13 5 1 14 15 2 7 11 0 3 4 8 12 
 Node State 1180 : 	 6 9 10 0 5 1 14 13 2 7 11 15 3 4 8 12 
 Node State 1181 : 	 6 9 10 13 5 1 11 14 2 0 7 15 3 4 8 12 
 Node State 1182 : 	 6 9 10 13 5 1 11 14 2 7 15 0 3 4 8 12 
 Node State 1183 : 	 6 9 10 13 5 1 11 14 2 7 8 15 3 4 0 12 
 Node State 1184 : 	 6 1 9 13 2 5 10 14 7 11 15 12 3 4 0 8 
 Node State 1185 : 	 6 1 9 13 2 5 0 10 7 11 15 14 3 4 8 12 
 Node State 1186 : 	 6 1 9 0 2 5 10 13 7 11 15 14 3 4 8 12 
 Node State 1187 : 	 6 1 9 13 2 5 10 14 7 11 8 15 0 3 4 12 
 Node State 1188 : 	 6 1 9 13 2 5 10 14 7 0 8 15 3 11 4 12 
 Node State 1189 : 	 6 1 9 13 2 5 10 14 7 11 8 0 3 4 12 15 
 Node State 1190 : 	 6 1 9 13 0 2 5 14 7 11 10 15 3 4 8 12 
 Node State 1191 : 	 6 1 9 13 2 11 5 14 7 0 10 15 3 4 8 12 
 Node State 1192 : 	 6 0 9 13 2 1 5 14 7 11 10 15 3 4 8 12 
 Node State 1193 : 	 6 1 9 13 2 5 14 15 7 11 10 0 3 4 8 12 
 Node State 1194 : 	 6 1 9 0 2 5 14 13 7 11 10 15 3 4 8 12 
 Node State 1195 : 	 6 0 1 13 2 5 9 14 7 11 10 15 3 4 8 12 
 Node State 1196 : 	 6 1 13 0 2 5 9 14 7 11 10 15 3 4 8 12 
 Node State 1197 : 	 6 1 9 13 2 5 10 14 4 0 11 15 7 3 8 12 
 Node State 1198 : 	 6 1 9 13 0 5 10 14 2 4 11 15 7 3 8 12 
 Node State 1199 : 	 6 1 9 13 2 5 10 14 7 4 11 0 3 8 12 15 
 Node State 1200 : 	 6 1 9 13 2 5 10 14 7 0 4 15 3 8 11 12 
 Node State 1201 : 	 6 1 9 13 2 5 10 14 7 4 15 0 3 8 11 12 
 Node State 1202 : 	 6 1 9 13 2 5 0 14 7 4 10 15 3 8 11 12 
 Node State 1203 : 	 6 1 9 13 7 2 10 14 3 5 11 15 0 4 8 12 
 Node State 1204 : 	 1 0 9 13 6 2 10 14 7 5 11 15 3 4 8 12 
 Node State 1205 : 	 6 1 9 13 2 10 14 15 7 5 11 0 3 4 8 12 
 Node State 1206 : 	 6 1 9 0 2 10 14 13 7 5 11 15 3 4 8 12 
 Node State 1207 : 	 6 1 9 13 2 10 11 14 7 0 5 15 3 4 8 12 
 Node State 1208 : 	 6 1 9 13 2 10 11 14 7 5 15 0 3 4 8 12 
 Node State 1209 : 	 6 1 9 13 2 10 11 14 7 5 8 15 3 4 0 12 
 Node State 1210 : 	 6 0 1 13 2 10 9 14 7 5 11 15 3 4 8 12 
 Node State 1211 : 	 6 1 13 0 2 10 9 14 7 5 11 15 3 4 8 12 
 Node State 1212 : 	 2 6 9 13 0 1 10 14 7 5 11 15 3 4 8 12 
 Node State 1213 : 	 6 9 13 0 2 1 10 14 7 5 11 15 3 4 8 12 
 Node State 1214 : 	 6 9 10 13 2 1 0 14 7 5 11 15 3 4 8 12 
 Node State 1215 : 	 6 1 9 13 2 5 10 14 3 7 11 0 4 8 12 15 
 Node State 1216 : 	 6 1 9 13 2 5 10 14 3 0 7 15 4 8 11 12 
 Node State 1217 : 	 6 1 9 13 2 5 10 14 3 7 15 0 4 8 11 12 
 Node State 1218 : 	 6 1 9 13 2 5 0 14 3 7 10 15 4 8 11 12 
 Node State 1219 : 	 6 1 9 13 2 5 10 14 4 3 11 15 0 7 8 12 
 Node State 1220 : 	 6 1 9 13 0 5 10 14 2 3 11 15 4 7 8 12 
 Node State 1221 : 	 6 1 9 13 2 5 10 14 3 11 15 0 4 7 8 12 
 Node State 1222 : 	 6 1 9 13 2 5 10 14 3 11 8 15 4 7 0 12 
 Node State 1223 : 	 6 1 9 13 2 5 0 14 3 11 10 15 4 7 8 12 
 Node State 1224 : 	 6 1 9 13 0 2 10 14 3 5 11 15 4 7 8 12 
 Node State 1225 : 	 6 1 9 13 2 10 0 14 3 5 11 15 4 7 8 12 
 Node State 1226 : 	 6 0 9 13 2 1 10 14 3 5 11 15 4 7 8 12 
 Node State 1227 : 	 1 5 9 13 2 6 10 14 7 11 15 12 3 4 0 8 
 Node State 1228 : 	 1 5 9 13 2 6 0 10 7 11 15 14 3 4 8 12 
 Node State 1229 : 	 1 5 9 0 2 6 10 13 7 11 15 14 3 4 8 12 
 Node State 1230 : 	 1 5 9 13 2 6 10 14 7 11 8 15 0 3 4 12 
 Node State 1231 : 	 1 5 9 13 2 6 10 14 7 0 8 15 3 11 4 12 
 Node State 1232 : 	 1 5 9 13 2 6 10 14 7 11 8 0 3 4 12 15 
 Node State 1233 : 	 1 5 9 13 0 2 6 14 7 11 10 15 3 4 8 12 
 Node State 1234 : 	 1 5 9 13 2 11 6 14 7 0 10 15 3 4 8 12 
 Node State 1235 : 	 1 0 9 13 2 5 6 14 7 11 10 15 3 4 8 12 
 Node State 1236 : 	 1 5 9 13 2 6 14 15 7 11 10 0 3 4 8 12 
 Node State 1237 : 	 1 5 9 0 2 6 14 13 7 11 10 15 3 4 8 12 
 Node State 1238 : 	 1 0 5 13 2 6 9 14 7 11 10 15 3 4 8 12 
 Node State 1239 : 	 1 5 13 0 2 6 9 14 7 11 10 15 3 4 8 12 
 Node State 1240 : 	 1 5 9 13 2 6 10 14 4 0 11 15 7 3 8 12 
 Node State 1241 : 	 1 5 9 13 0 6 10 14 2 4 11 15 7 3 8 12 
 Node State 1242 : 	 1 5 9 13 2 6 10 14 7 4 11 0 3 8 12 15 
 Node State 1243 : 	 1 5 9 13 2 6 10 14 7 0 4 15 3 8 11 12 
 Node State 1244 : 	 1 5 9 13 2 6 10 14 7 4 15 0 3 8 11 12 
 Node State 1245 : 	 1 5 9 13 2 6 0 14 7 4 10 15 3 8 11 12 
 Node State 1246 : 	 1 5 9 13 7 2 10 14 3 6 11 15 0 4 8 12 
 Node State 1247 : 	 5 0 9 13 1 2 10 14 7 6 11 15 3 4 8 12 
 Node State 1248 : 	 1 5 9 13 2 10 14 15 7 6 11 0 3 4 8 12 
 Node State 1249 : 	 1 5 9 0 2 10 14 13 7 6 11 15 3 4 8 12 
 Node State 1250 : 	 1 5 9 13 2 10 11 14 7 0 6 15 3 4 8 12 
 Node State 1251 : 	 1 5 9 13 2 10 11 14 7 6 15 0 3 4 8 12 
 Node State 1252 : 	 1 5 9 13 2 10 11 14 7 6 8 15 3 4 0 12 
 Node State 1253 : 	 1 0 5 13 2 10 9 14 7 6 11 15 3 4 8 12 
 Node State 1254 : 	 1 5 13 0 2 10 9 14 7 6 11 15 3 4 8 12 
 Node State 1255 : 	 2 1 9 13 0 5 10 14 7 6 11 15 3 4 8 12 
 Node State 1256 : 	 1 9 13 0 2 5 10 14 7 6 11 15 3 4 8 12 